-,-,-
-1008, 154, 129
-919, 285, 126
-1010, 484, 43
-973, 796, -101
-870, 1016, -263
-955, 1326, -306
-1233, 1778, -375
-1458, 1997, -371
-1266, 1979, -310
-873, 1792, -241
-512, 1374, -163
-103, 789, -171
269, 66, -272
464, -1037, -203
412, -1987, 207
49, -1998, 356
-570, -1998, 447
-1520, -1998, 570
-,-,-
-913, 232, -143
-865, 439, -133
-860, 724, -124
-891, 928, -182
-936, 1070, -231
-990, 1163, -258
-1063, 1384, -251
-1050, 1639, -231
-1109, 1723, -167
-1139, 1525, -86
-1036, 1195, -35
-687, 784, -19
-162, 133, 171
477, -678, 203
926, -1718, -87
481, -1998, 237
-1085, -1998, 980
-,-,-
-980, 118, 74
-977, 146, 89
-977, 146, 89
-1024, 224, 64
-1071, 381, 83
-1121, 598, 143
-1076, 948, 63
-970, 1433, -72
-859, 1722, -113
-684, 1791, -107
-776, 1792, -239
-729, 1652, -406
-603, 1360, -406
-356, 782, -309
10, 75, -196
256, -825, 12
256, -825, 12
45, -1904, 437
-525, -1998, 455
-,-,-
-908, 529, 185
-951, 634, 166
-1120, 833, 80
-1120, 833, 80
-1253, 974, -31
-1200, 1258, -136
-1088, 1475, -210
-1193, 1763, -350
-1302, 1971, -385
-1075, 1743, -233
-623, 1224, -127
-85, 642, -126
400, -62, -262
563, -1097, -120
314, -1949, 411
-,-,-
-970, 197, -45
-994, 461, -97
-1025, 755, -227
-1049, 1041, -305
-1216, 1499, -505
-1432, 1958, -699
-1359, 1997, -769
-868, 1997, -711
-318, 1987, -603
27, 1416, -561
329, 386, -362
478, -996, -164
203, -1995, 287
-53, -1998, 547
-,-,-
-867, 301, 115
-873, 518, 103
-948, 870, 58
-948, 870, 58
-899, 1179, -80
-1017, 1417, -422
-1392, 1673, -790
-1770, 1868, -928
-1777, 1997, -799
-1212, 1997, -541
-614, 1940, -273
2, 1366, -221
628, -35, -454
597, -1678, -151
362, -1998, 332
-70, -1998, 321
-661, -1998, 666
-,-,-
-1040, 316, 0
-1040, 316, 0
-1123, 558, 66
-1151, 946, -55
-1207, 1593, -250
-1200, 1996, -284
-990, 1997, -519
-876, 1997, -624
-437, 1997, -467
71, 1899, -365
285, 867, -538
259, -1118, -431
78, -1998, 159
-817, -1998, 766
-1384, -1998, 786
-1572, -1998, 1075
-1361, -1911, 435
-996, -1266, -320
-,-,-
-1076, 559, -16
-1073, 853, -62
-948, 1343, -164
-984, 1924, -198
-1003, 1997, -276
-1021, 1997, -313
-1044, 1997, -224
-765, 1958, -147
-419, 1316, -92
74, 291, -153
374, -1232, -150
342, -1998, 264
-324, -1998, 737
-1511, -1998, 945
-1797, -1998, 790
-1348, -1985, 386
-,-,-
-1081, 308, -61
-1055, 681, -15
-972, 1253, -41
-857, 1864, -204
-748, 1997, -360
-452, 1997, -239
-306, 1997, -284
-250, 1781, -370
-206, 599, -435
-191, -797, -398
34, -1357, -175
128, -1944, -11
-589, -1998, 104
-1850, -1998, 606
-1901, -1998, 618
-1413, -1893, 321
-,-,-
-915, 218, -128
-1055, 492, -173
-1143, 727, -243
-1212, 1034, -348
-1147, 1253, -452
-1149, 1579, -588
-1267, 1957, -536
-1133, 1997, -247
-759, 1995, -27
-289, 1767, -7
73, 941, -215
106, -704, -172
192, -1779, 56
335, -1998, 335
84, -1998, 171
-956, -1998, 376
-1722, -1998, 675
-,-,-
-1011, 218, 53
-1024, 377, 38
-1052, 663, -88
-1085, 1008, -152
-1128, 1238, -196
-1231, 1436, -327
-1304, 1848, -481
-1200, 1997, -471
-964, 1997, -434
-641, 1997, -519
-260, 1621, -679
51, 377, -601
443, -844, -264
615, -1866, 96
311, -1998, 485
-775, -1998, 876
-,-,-
-1019, 110, 76
-947, 175, 51
-945, 227, 29
-998, 338, -27
-980, 529, -54
-945, 781, -80
-936, 1055, -164
-897, 1338, -366
-925, 1564, -512
-1053, 1786, -576
-1232, 1989, -436
-1215, 1997, -161
-998, 1859, 117
-649, 1572, 231
-62, 904, 167
-62, 904, 167
441, -131, 134
-,-,-
-1031, 909, -31
-1002, 1180, -19
-931, 1589, -140
-1110, 1896, -168
-1269, 1994, -80
-1041, 1997, 75
-671, 1997, 200
-375, 1997, 191
-320, 1363, 75
-168, -68, 187
480, -1308, 99
816, -1992, -310
287, -1998, -471
-1484, -1998, 699
-,-,-
-995, 136, 32
-918, 186, 22
-846, 466, 21
-887, 635, 30
-954, 680, 65
-1042, 828, -46
-1257, 1298, -121
-1379, 1774, 42
-1379, 1774, 42
-1198, 1818, 209
-1157, 1923, 166
-1110, 1997, 62
-816, 1997, -10
-387, 1848, -49
167, 1115, -104
689, -448, -418
-,-,-
-917, 271, 160
-987, 326, 258
-1033, 354, 226
-1106, 555, 258
-1044, 871, 312
-955, 1309, 211
-1132, 1846, 112
-1248, 1997, -32
-1123, 1997, -313
-763, 1997, -495
-325, 1997, -411
46, 1837, -417
173, 446, -352
173, 446, -352
111, -1357, -339
106, -1998, -282
-29, -1998, -149
-511, -1998, -51
-,-,-
-927, 420, -202
-891, 704, -195
-768, 943, -83
-749, 1250, 135
-757, 1464, 68
-913, 1811, -214
-976, 1992, -501
-874, 1997, -664
-727, 1997, -668
-617, 1894, -561
-556, 1280, -312
-406, 199, 30
-60, -735, 232
481, -1453, 387
353, -1998, 545
-336, -1998, 827
-,-,-
-978, 260, 25
-927, 295, 6
-915, 569, -60
-846, 904, -120
-666, 1187, -258
-730, 1473, -292
-885, 1679, -212
-913, 1817, -212
-1124, 1996, -456
-1202, 1997, -402
-723, 1795, -110
-152, 1121, 152
375, -33, -32
522, -1687, 70
125, -1998, 437
125, -1998, 437
-189, -1998, -42
-,-,-
-907, 495, -14
-958, 918, 7
-839, 1196, -7
-839, 1196, -7
-707, 1454, -131
-847, 1822, -316
-919, 1997, -405
-764, 1997, -452
-650, 1997, -632
-609, 1767, -610
-671, 765, -298
-682, -308, 132
-332, -805, 476
-178, -1374, 625
-299, -1945, 586
-492, -1998, 534
-868, -1998, 687
-,-,-
-882, 1214, -201
-796, 1708, 164
-909, 1854, 347
-978, 1866, -160
-698, 1993, -699
-250, 1997, -613
131, 1997, -377
208, 1604, -243
208, 1604, -243
-9, 44, -22
-565, -1635, 284
-573, -1997, 192
-410, -1969, 129
-470, -1998, 141
-805, -1998, 393
-,-,-
-872, 437, -134
-899, 679, -211
-847, 989, -249
-667, 1553, -380
-470, 1976, -515
-705, 1997, -476
-1015, 1997, -477
-996, 1987, -560
-868, 1771, -594
-685, 1406, -531
-464, 985, -368
-223, 295, -253
62, -522, -124
117, -1594, -138
-261, -1998, -76
-,-,-
-1088, 819, -104
-1216, 1292, 32
-959, 1701, -61
-959, 1701, -61
-910, 1992, -488
-1181, 1997, -808
-1038, 1997, -798
-186, 1896, -464
-77, 629, -381
-77, 629, -381
23, -1336, -164
77, -1998, -108
30, -1998, -20
-767, -1998, 316
-,-,-
-954, 901, -214
-824, 1388, -339
-762, 1862, -399
-966, 1974, -346
-1122, 1997, -359
-1028, 1997, -411
-825, 1997, -496
-568, 1923, -483
-387, 1215, -411
-27, 406, -273
458, -802, -57
518, -1954, 449
-21, -1998, 843
-809, -1998, 582
-,-,-
-894, 342, 106
-822, 428, 93
-789, 589, 13
-692, 787, -34
-651, 1033, 51
-606, 1318, 129
-681, 1627, 94
-681, 1627, 94
-797, 1934, 32
-908, 1997, -154
-989, 1997, -341
-967, 1997, -530
-801, 1997, -554
-384, 1758, -444
60, 773, -313
620, -615, -363
822, -1959, -411
-,-,-
-845, 484, 150
-735, 752, 154
-719, 1090, -68
-787, 1622, -369
-974, 1994, -605
-1166, 1997, -533
-1038, 1997, -492
-791, 1997, -691
-366, 1997, -680
-105, 1343, -463
-228, -637, -220
-421, -1998, 252
-90, -1998, 444
135, -1998, 256
-949, -1998, 958
-,-,-
-864, 398, -241
-867, 508, -192
-850, 780, -120
-826, 1156, -66
-787, 1542, -38
-787, 1542, -38
-766, 1919, -151
-824, 1997, -403
-811, 1997, -751
-821, 1997, -1005
-750, 1997, -1049
-708, 1645, -738
-454, 733, -389
240, -372, -182
878, -1623, 127
-,-,-
-842, 266, -120
-927, 506, -76
-843, 992, 53
-594, 1490, 208
-379, 1923, 219
-528, 1997, 114
-696, 1997, 35
-755, 1997, -415
-967, 1997, -915
-1126, 1828, -945
-966, 1398, -706
-434, 613, -355
386, 613, -147
386, -275, -147
871, -1728, -46
233, -1998, 186
-1001, -1998, 221
-,-,-
-668, 423, 83
-637, 522, 9
-553, 962, -142
-673, 1541, -253
-722, 1587, -57
-952, 1536, -170
-1348, 1624, -507
-1703, 1742, -694
-1569, 1969, -564
-1187, 1997, -379
-684, 1875, -370
-61, 1057, -412
551, -585, -385
832, -1975, -298
179, -1998, -253
-843, -1998, -125
-,-,-
-859, 290, -39
-906, 287, 48
-859, 296, 38
-845, 402, 0
-888, 553, -88
-888, 553, -88
-898, 672, -18
-758, 848, 72
-591, 1228, -65
-623, 1785, -440
-710, 1997, -720
-732, 1997, -812
-758, 1997, -867
-831, 1997, -857
-685, 1769, -666
-277, 710, -546
378, -508, -506
1028, -1391, -257
713, -1998, 393
-224, -1998, 752
-,-,-
-810, 489, -136
-830, 519, -197
-853, 542, -251
-854, 711, -187
-757, 1040, -91
-757, 1040, -91
-613, 1681, -80
-433, 1996, -93
-370, 1997, -262
-430, 1997, -523
-535, 1997, -751
-549, 1997, -733
-409, 1667, -505
-147, 715, -335
102, -295, -250
397, -1394, -108
-,-,-
-698, 803, -198
-601, 1208, -291
-372, 1575, -395
-312, 1955, -330
-409, 1997, -205
-523, 1997, -241
-861, 1997, -281
-1015, 1811, -223
-764, 1482, -165
-353, 827, -199
-66, -414, -360
65, -1674, -200
-159, -1998, 257
-639, -1998, 17
-1151, -1998, -242
-,-,-
-829, 636, 8
-880, 827, 55
-882, 1138, 41
-882, 1138, 41
-554, 1715, -134
-246, 1997, -309
-270, 1997, -326
-529, 1997, -528
-778, 1997, -780
-928, 1895, -678
-814, 1405, -392
-475, 963, -269
-116, 389, -183
16, -877, 64
-4, -1921, 119
89, -1998, -34
-234, -1998, -265
-,-,-
-794, 730, -362
-794, 730, -362
-668, 1067, -287
-520, 1384, -268
-390, 1610, -316
-427, 1804, -487
-613, 1993, -547
-800, 1997, -494
-846, 1997, -496
-890, 1933, -639
-649, 1630, -654
47, 898, -416
645, -332, -215
834, -1788, -251
309, -1998, -63
-696, -1998, -207
-1328, -1998, -71
-1597, -1997, 385
-,-,-
-618, 918, -231
-588, 1110, -353
-483, 1489, -371
-326, 1844, -293
-333, 1884, -324
-550, 1708, -403
-974, 1521, -265
-1260, 1375, -85
-1162, 1255, 25
-733, 1171, -12
-21, 638, -238
497, -962, -125
476, -1992, 147
-,-,-
-876, 562, -214
-724, 1017, -288
-625, 1363, -307
-629, 1535, -350
-663, 1774, -520
-617, 1996, -737
-700, 1997, -1027
-654, 1997, -1127
-600, 1501, -626
-644, 369, 53
-200, -313, 613
46, -1394, 302
2, -1998, -66
2, -1998, -66
-445, -1998, 158
-1061, -1998, 567
-1342, -1998, 508
-,-,-
-946, 304, -117
-922, 381, -135
-884, 503, -134
-829, 738, -101
-835, 1009, -190
-967, 1424, -358
-1078, 1913, -377
-1110, 1997, -236
-1107, 1997, -297
-996, 1997, -524
-799, 1889, -420
-292, 1152, -222
260, 133, -276
884, -1227, -441
727, -1998, -263
-518, -1998, 101
-1489, -1998, 646
-1177, -1934, 854
-526, -1390, 397
-,-,-
-871, 350, -210
-845, 429, -147
-906, 563, -118
-850, 869, -148
-679, 1220, -286
-692, 1639, -432
-841, 1952, -593
-996, 1997, -683
-988, 1997, -598
-1026, 1991, -393
-989, 1707, -274
-666, 1209, -228
-193, 434, -233
226, -714, -206
721, -1778, -202
826, -1998, 59
826, -1998, 59
-,-,-
-1114, 196, -215
-983, 232, -243
-936, 243, -323
-889, 357, -377
-781, 586, -438
-683, 845, -453
-759, 1070, -434
-859, 1254, -398
-906, 1404, -354
-819, 1616, -372
-691, 1818, -391
-746, 1967, -473
-872, 1986, -569
-806, 1673, -520
-505, 1271, -378
23, 895, -293
23, 895, -293
652, -162, -5
-,-,-
-932, 385, -254
-893, 415, -132
-965, 471, -105
-1017, 564, -164
-965, 711, -254
-911, 1007, -370
-872, 1233, -415
-849, 1402, -431
-873, 1584, -495
-948, 1653, -555
-1086, 1595, -581
-1042, 1545, -554
-728, 1542, -441
-310, 1414, -341
107, 869, -232
478, -246, -269
478, -246, -269
838, -1703, -385
454, -1998, -129
-,-,-
-978, 292, -34
-984, 480, -45
-804, 814, -243
-688, 1283, -359
-736, 1497, -298
-753, 1766, -399
-628, 1996, -533
-447, 1997, -541
-364, 1997, -358
-648, 1674, -89
-1039, 518, 96
-836, -92, -93
-368, -491, -348
-28, -1101, -380
160, -1908, -276
-432, -1998, 83
-,-,-
-1093, 360, -2
-1051, 537, 14
-949, 779, -47
-885, 1003, -232
-932, 1362, -403
-967, 1737, -612
-1051, 1969, -682
-1100, 1997, -520
-945, 1997, -253
-597, 1993, -143
-274, 1517, -315
-193, 187, -292
311, -808, -195
848, -1720, -20
848, -1720, -20
908, -1998, -117
-92, -1998, -240
-,-,-
-904, 685, -119
-880, 745, -8
-849, 866, -57
-807, 1067, -205
-770, 1241, -269
-809, 1328, -279
-955, 1297, -312
-1079, 1298, -457
-1216, 1437, -706
-1296, 1476, -730
-1308, 1487, -326
-929, 1253, -12
-158, 802, -9
565, -114, -132
1032, -1710, -272
386, -1998, -175
-,-,-
-860, 678, -9
-860, 678, -9
-756, 912, 116
-639, 1255, 176
-643, 1507, 55
-792, 1691, -148
-1004, 1882, -283
-1169, 1997, -381
-1249, 1997, -255
-1198, 1990, -112
-920, 1765, -80
-405, 1070, -172
14, 393, -358
303, -606, -558
379, -1824, -323
15, -1998, -140
-,-,-
-851, 775, -207
-851, 775, -207
-790, 918, -268
-665, 1162, -318
-648, 1399, -276
-767, 1688, -278
-783, 1937, -288
-884, 1997, -295
-1001, 1997, -204
-882, 1951, -78
-823, 1317, -203
-496, 744, -578
95, 54, -784
705, -1322, -659
711, -1998, -404
-,-,-
-943, 402, -318
-891, 473, -250
-901, 684, -96
-895, 840, 3
-776, 1000, 41
-620, 1396, -115
-576, 1759, -187
-682, 1830, -387
-835, 1896, -725
-937, 1984, -778
-1001, 1997, -667
-1063, 1824, -334
-884, 1177, -99
-441, 511, -210
-43, -795, -384
130, -1995, -149
112, -1998, -44
-,-,-
-972, 585, -99
-945, 609, -104
-909, 944, -135
-746, 1244, -169
-745, 1361, -243
-992, 1477, -437
-992, 1477, -556
-1263, 1574, -556
-1188, 1648, -471
-1070, 1657, -363
-902, 1186, -124
-649, 417, 7
-649, 417, 7
-263, -171, 8
267, -792, -84
657, -1765, -299
495, -1998, -532
-,-,-
-989, 453, 0
-1002, 584, -1
-1046, 717, -16
-929, 825, -26
-929, 825, -26
-823, 1000, -124
-882, 1273, -319
-924, 1576, -400
-845, 1771, -227
-818, 1807, -95
-1134, 1772, -257
-1603, 1484, -199
-1435, 1024, 112
-650, 911, 303
3, 726, -75
325, -485, -686
-,-,-
-930, 371, -125
-847, 452, -99
-873, 568, -105
-842, 714, -193
-772, 887, -233
-918, 1168, -287
-1325, 1522, -396
-1319, 1754, -292
-1222, 1929, 5
-1015, 1950, 65
-1015, 1950, 65
-854, 1922, -10
-667, 1475, -153
-373, 864, -282
97, 285, -346
564, -581, -426
951, -1702, -433
736, -1998, -377
-,-,-
-913, 204, 114
-843, 306, 17
-843, 306, 17
-964, 599, -88
-771, 1301, -149
-396, 1934, -133
-462, 1974, -108
-944, 1862, -275
-1269, 1700, -483
-1228, 1674, -694
-1057, 1899, -656
-883, 1740, -174
-697, 870, 272
-447, -367, 362
-278, -1638, 146
208, -1998, -171
164, -1998, -435
-345, -1998, -328
-,-,-
-1035, 156, -179
-1006, 196, -172
-922, 384, -204
-814, 707, -303
-657, 1002, -340
-617, 1317, -371
-779, 1405, -249
-1087, 1540, -118
-1186, 1767, -51
-1170, 1930, -211
-974, 1997, -303
-650, 1819, -19
-280, 964, 134
139, -295, -36
489, -1861, -207
336, -1998, -366
-505, -1998, -198
-,-,-
-828, 604, -303
-838, 681, -415
-839, 833, -399
-758, 1038, -254
-739, 1257, -239
-861, 1429, -296
-1036, 1506, -265
-1077, 1571, -343
-1107, 1703, -493
-1051, 1673, -435
-870, 1470, -158
-580, 1097, -26
-282, 476, -112
29, -466, -283
474, -1565, -206
759, -1998, -34
138, -1998, 12
-1161, -1998, 244
-,-,-
-919, 497, -93
-932, 470, -214
-960, 607, -289
-889, 1106, -196
-668, 1601, -135
-655, 1933, -265
-810, 1997, -381
-744, 1997, -513
-544, 1997, -590
-503, 1961, -654
-546, 1556, -436
-586, 608, -166
-321, -190, -194
63, -834, -534
490, -1740, -767
497, -1998, -495
-399, -1998, 98
-1595, -1998, 611
-,-,-
-1069, 376, -167
-1151, 352, -248
-1109, 630, -355
-861, 1044, -417
-687, 1392, -536
-743, 1535, -642
-847, 1735, -641
-771, 1859, -505
-658, 1938, -396
-731, 1959, -335
-744, 1678, -138
-627, 917, 70
-627, 917, 70
-359, 228, -104
174, -336, -342
607, -1426, -144
664, -1998, -133
-,-,-
-969, 308, -175
-929, 373, -170
-931, 513, -117
-900, 593, -88
-840, 713, -183
-840, 713, -183
-819, 942, -368
-802, 1238, -446
-760, 1539, -450
-687, 1840, -497
-678, 1961, -616
-806, 1961, -717
-1075, 1802, -571
-993, 1406, -269
-555, 990, -51
73, 533, -126
699, -444, -369
893, -1904, -202
-,-,-
-1090, 187, 135
-1028, 443, -57
-866, 723, -213
-761, 1093, -358
-682, 1388, -500
-672, 1432, -557
-819, 1570, -625
-953, 1799, -556
-1011, 1796, -538
-978, 1550, -460
-958, 1216, -320
-868, 769, -35
-617, 368, 76
-72, -215, -115
571, -1079, -460
790, -1965, -488
7, -1998, -181
-,-,-
-907, 536, -270
-827, 630, -241
-745, 745, -298
-766, 880, -419
-766, 880, -419
-750, 1000, -550
-685, 1118, -602
-660, 1197, -611
-784, 1270, -479
-1021, 1205, -345
-1226, 1102, -319
-1281, 1078, -174
-753, 628, 246
-753, 628, 246
-210, 187, -67
261, -941, -284
307, -1965, -381
-,-,-
-975, 341, -90
-975, 341, -90
-961, 391, -82
-910, 503, -44
-902, 668, -116
-832, 890, -272
-759, 1141, -554
-742, 1292, -644
-871, 1398, -685
-969, 1598, -566
-969, 1680, -435
-1080, 1630, -496
-1207, 1710, -422
-1166, 1555, -129
-688, 1110, -7
-65, 433, -221
312, -782, -330
548, -1866, -351
330, -1998, -620
-,-,-
-897, 557, -398
-837, 710, -338
-780, 820, -367
-816, 1145, -440
-797, 1537, -376
-598, 1777, -387
-355, 1994, -713
-160, 1997, -955
-114, 1997, -962
-242, 1941, -684
-537, 895, -251
-537, 895, -251
-788, -371, -26
-463, -758, -171
64, -1181, -341
372, -1915, -346
-215, -1998, -263
-,-,-
-938, 334, -211
-840, 474, -209
-813, 648, -211
-784, 809, -269
-747, 1108, -339
-623, 1407, -400
-565, 1574, -510
-670, 1647, -594
-802, 1757, -586
-890, 1933, -534
-852, 1930, -352
-852, 1599, -225
-874, 972, -133
-592, 327, -54
-83, -266, -51
272, -1037, -305
372, -1895, -630
-34, -1998, -833
-,-,-
-845, 575, -70
-960, 594, -40
-911, 618, -38
-756, 864, -142
-614, 1310, -338
-563, 1615, -539
-651, 1783, -695
-754, 1822, -639
-898, 1717, -489
-990, 1568, -349
-1022, 1304, -285
-944, 1031, -198
-623, 399, -103
-154, -310, 56
430, -1035, -45
847, -1856, -657
817, -1998, -962
-,-,-
-1002, 282, -49
-1010, 351, -90
-906, 684, -151
-680, 1473, -436
-533, 1997, -519
-655, 1997, -739
-814, 1997, -1018
-685, 1997, -973
-187, 1997, -632
129, 1824, -247
175, 712, -166
57, -774, -240
-118, -1949, -401
-102, -1998, -469
-69, -1998, -373
-596, -1998, -431
-,-,-
-932, 166, 57
-895, 289, 126
-895, 289, 126
-897, 468, 178
-915, 536, 89
-853, 873, -178
-624, 1374, -444
-696, 1731, -419
-1049, 1795, -478
-1246, 1969, -737
-1283, 1997, -885
-949, 1997, -721
-471, 1980, -353
-13, 1197, -154
204, -427, -394
581, -1775, -502
821, -1998, -466
-,-,-
-932, 311, -121
-856, 523, -166
-777, 778, -228
-794, 886, -337
-816, 958, -412
-779, 1105, -566
-820, 1339, -768
-949, 1574, -804
-1015, 1607, -700
-1004, 1489, -625
-1037, 1406, -582
-987, 1241, -426
-783, 920, -254
-317, 550, -279
116, -224, -332
296, -1636, -158
258, -1998, -238
-65, -1998, -145
-,-,-
-956, 151, 47
-982, 311, 101
-973, 462, 60
-969, 697, 45
-821, 1089, 15
-821, 1089, 15
-607, 1533, -59
-649, 1718, -191
-918, 1847, -427
-1078, 1946, -560
-1080, 1915, -570
-1031, 1897, -571
-922, 1649, -459
-728, 941, -394
-354, 111, -348
-41, -1076, -412
510, -1944, -325
415, -1998, -148
-,-,-
-937, 217, -77
-878, 217, -65
-893, 230, -40
-893, 230, -40
-913, 339, -5
-893, 582, 28
-816, 860, -3
-773, 1195, -347
-895, 1446, -764
-1137, 1527, -774
-1331, 1738, -564
-1340, 1992, -539
-1210, 1997, -509
-937, 1931, -380
-663, 1372, -467
-331, 515, -593
83, -542, -503
699, -1446, -456
850, -1998, -107
-,-,-
-1096, 164, 66
-1099, 330, 27
-912, 687, -187
-708, 1271, -341
-557, 1805, -536
-465, 1990, -622
-604, 1865, -605
-948, 1914, -543
-1139, 1997, -438
-821, 1997, -313
-500, 1902, -226
-444, 1216, -415
-304, -280, -293
-146, -1800, -266
438, -1998, -767
647, -1998, -864
-,-,-
-861, 605, -93
-906, 743, -189
-906, 743, -189
-882, 1029, -286
-844, 1266, -281
-782, 1566, -243
-832, 1822, -210
-911, 1960, -179
-856, 1992, -168
-776, 1874, -171
-723, 1519, -119
-632, 945, 123
-266, 274, 273
294, -380, -30
789, -1553, -612
533, -1998, -791
-512, -1998, -440
-,-,-
-1008, 62, -87
-991, 74, -64
-1017, 244, -69
-1017, 244, -69
-1015, 561, -14
-982, 918, -55
-930, 1356, -157
-880, 1791, -288
-886, 1997, -471
-1081, 1997, -574
-1170, 1997, -639
-1070, 1937, -635
-619, 1436, -512
-114, 925, -316
357, 74, -431
742, -1478, -579
543, -1998, -648
-,-,-
-885, 535, -5
-885, 535, -5
-867, 463, 100
-785, 692, 31
-693, 1089, -135
-669, 1391, -378
-689, 1649, -583
-835, 1899, -664
-970, 1997, -543
-1076, 1997, -526
-1076, 1962, -435
-860, 1623, -138
-424, 1349, 84
91, 413, -225
404, -1039, -677
-95, -1998, -674
-1575, -1998, -479
-,-,-
-821, 621, -6
-707, 884, -19
-707, 884, -19
-539, 1207, -3
-439, 1511, -67
-477, 1757, -122
-495, 1967, -198
-622, 1997, -340
-802, 1997, -411
-996, 1997, -120
-905, 1764, 172
-572, 737, 56
-287, -532, -305
145, -1530, -601
150, -1998, -649
-325, -1998, -613
-1360, -1998, -112
-,-,-
-946, 350, 163
-1060, 243, 219
-1161, 432, 107
-1161, 432, 107
-1032, 1069, -132
-719, 1861, -384
-692, 1997, -497
-1022, 1997, -424
-997, 1997, 141
-997, 1997, 141
-796, 1997, 183
-557, 1956, 35
-287, 773, -38
-168, -964, -145
333, -1770, -524
609, -1998, -1296
-,-,-
-945, 415, 72
-885, 562, 132
-885, 562, 45
-866, 805, 45
-788, 1036, -1
-720, 1397, -109
-796, 1859, -267
-818, 1997, -312
-688, 1997, -231
-426, 1997, -309
-232, 1997, -372
-167, 1843, -284
-236, 377, -111
89, -839, -404
626, -1881, -809
236, -1998, -1025
-,-,-
-861, 667, 16
-861, 667, 16
-868, 835, -4
-755, 1288, -10
-486, 1734, 49
-520, 1971, 91
-775, 1997, 51
-864, 1997, 48
-788, 1997, 47
-788, 1997, 37
-584, 1997, 37
-383, 1614, 48
-317, 661, 126
-298, -551, 96
22, -1254, -294
329, -1870, -803
118, -1998, -878
-662, -1998, -382
-,-,-
-905, 413, -3
-950, 373, -58
-1007, 366, -84
-1071, 441, -100
-1082, 644, -89
-927, 730, -45
-784, 841, -158
-800, 1339, -377
-895, 1957, -401
-820, 1997, -105
-870, 1997, -34
-1125, 1997, -224
-1072, 1997, 40
-450, 1864, 199
296, 1107, -160
965, -255, -705
1315, -1922, -770
0, -1998, -732
0, -1998, -732
-,-,-
-890, 421, -55
-908, 515, -89
-988, 630, -155
-948, 873, -98
-742, 1221, -69
-670, 1624, -70
-870, 1735, -187
-1094, 1645, -289
-1187, 1644, -390
-1226, 1596, -386
-1127, 1502, -215
-806, 1285, -66
-332, 815, -108
70, 31, -274
372, -1073, -241
358, -1970, -113
106, -1998, -359
-,-,-
-965, 968, -126
-841, 1401, -100
-697, 1917, -170
-761, 1997, -330
-794, 1997, -437
-710, 1997, -387
-430, 1997, -260
-211, 1727, 6
-211, 1727, 6
-233, 379, 210
-227, -582, 136
-30, -1067, 67
83, -1500, -239
-2, -1967, -442
-604, -1998, -289
-1255, -1998, -11
-,-,-
-925, 958, -233
-795, 1321, -130
-609, 1773, -98
-578, 1913, 129
-827, 1932, 64
-1013, 1996, -277
-1041, 1997, -439
-960, 1941, -143
-763, 1368, 3
-763, 1368, 3
-550, 535, -243
-304, -351, -537
37, -1117, -796
104, -1916, -651
-,-,-
-879, 570, -255
-992, 652, -241
-939, 767, -127
-939, 767, -127
-694, 1065, -11
-490, 1523, -43
-540, 1901, -213
-714, 1997, -528
-765, 1997, -677
-650, 1997, -622
-648, 1997, -470
-623, 1772, -186
-300, 1003, -58
292, 133, -102
645, -1164, -321
623, -1998, -463
93, -1998, -627
-1026, -1998, -835
-,-,-
-789, 620, -290
-750, 655, -235
-835, 750, -246
-906, 826, -379
-906, 826, -379
-857, 1150, -520
-689, 1678, -717
-693, 1977, -909
-734, 1997, -843
-651, 1997, -610
-358, 1997, -244
-215, 1807, 205
-276, 930, 305
-265, -99, 210
-11, -918, -127
339, -1592, -478
293, -1998, -718
-,-,-
-929, 451, -313
-808, 527, -402
-595, 868, -341
-595, 868, -341
-605, 1063, -275
-678, 987, -182
-563, 1114, -171
-385, 1409, -139
-449, 1625, -253
-622, 1743, -365
-858, 1779, -373
-910, 1793, -401
-942, 1953, -403
-888, 1791, -235
-682, 1205, -26
-280, 559, -84
154, -282, -345
412, -1617, -418
-,-,-
-912, 535, -129
-915, 480, -42
-851, 576, 15
-851, 576, 15
-762, 979, -20
-671, 1335, -169
-698, 1427, -367
-787, 1436, -551
-916, 1520, -589
-1027, 1594, -593
-1119, 1585, -493
-1011, 1411, -220
-831, 1179, 20
-618, 913, -12
-364, 544, -194
-157, -60, -221
-4, -948, -174
23, -1726, -297
-163, -1998, -772
-679, -1998, -658
-,-,-
-770, 1039, -230
-731, 1501, -446
-531, 1832, -479
-455, 1940, -499
-620, 1984, -704
-921, 1997, -767
-879, 1994, -569
-589, 1766, -376
-434, 976, -216
-456, -232, 160
-171, -904, 289
78, -1295, -162
355, -1864, -721
-125, -1998, -559
-,-,-
-804, 558, -161
-777, 668, -303
-736, 805, -348
-713, 958, -200
-616, 1171, -200
-520, 1492, -333
-663, 1748, -590
-922, 1877, -575
-899, 1921, -265
-671, 1876, -97
-545, 1780, -42
-533, 1484, 28
-530, 587, 174
-191, -99, 139
85, -794, -335
85, -794, -335
177, -1733, -1105
-,-,-
-939, 10, -69
-931, 130, -118
-955, 164, -153
-999, 269, -176
-896, 651, -204
-739, 1396, -338
-567, 1958, -423
-511, 1997, -382
-611, 1997, -425
-769, 1997, -532
-844, 1997, -626
-738, 1847, -505
-499, 1143, -464
-142, 167, -341
-142, 167, -341
257, -955, -365
116, -1994, -431
-481, -1998, -840
-,-,-
-1025, 425, 75
-872, 873, 43
-872, 873, 43
-555, 1579, -187
-392, 1988, -455
-632, 1997, -697
-1059, 1997, -599
-1289, 1997, -478
-920, 1997, -490
-359, 1997, -499
-216, 1312, -337
-502, -745, -68
-429, -1871, -271
-73, -1998, -1043
-203, -1998, -1192
-1282, -1998, -297
-,-,-
-825, 570, -168
-650, 920, -197
-401, 1207, -340
-378, 1378, -417
-608, 1486, -402
-663, 1677, -479
-687, 1962, -675
-758, 1997, -669
-914, 1980, -477
-1118, 1529, -163
-1032, 998, -35
-589, 427, -189
-65, -40, -414
186, -1353, -675
36, -1998, -921
-,-,-
-846, 655, -364
-796, 678, -369
-752, 744, -292
-773, 798, -142
-815, 954, -193
-778, 1285, -349
-681, 1543, -428
-694, 1676, -424
-828, 1780, -354
-968, 1811, -236
-903, 1758, -63
-903, 1758, -63
-646, 1732, -37
-534, 1506, -209
-523, 679, -387
-341, -519, -436
117, -1473, -245
412, -1988, -887
-,-,-
-690, 683, -358
-690, 802, -401
-694, 1006, -472
-503, 1333, -541
-372, 1711, -679
-554, 1871, -929
-691, 1996, -894
-726, 1997, -583
-655, 1983, -331
-731, 1679, -215
-911, 958, -30
-911, 958, -30
-746, 370, 72
-227, -158, -348
83, -1152, -732
-135, -1995, -781
-391, -1998, -532
-746, -1998, -284
-1118, -1998, -22
-,-,-
-872, 568, -76
-817, 770, -2
-825, 962, 11
-880, 1231, -44
-799, 1574, -166
-661, 1931, -296
-780, 1997, -545
-1003, 1997, -684
-937, 1997, -573
-673, 1912, -307
-374, 1353, -209
-166, 285, -218
244, -753, -404
562, -1903, -738
582, -1998, -1074
-,-,-
-1041, 439, 51
-991, 572, 25
-975, 777, 55
-975, 777, 55
-867, 969, -10
-736, 1260, -220
-732, 1588, -418
-934, 1782, -366
-977, 1849, -201
-888, 1873, -201
-839, 1996, -179
-741, 1857, 106
-645, 1253, 233
-428, 456, 21
-291, -222, -309
292, -702, -871
630, -1656, -1083
243, -1998, -984
-,-,-
-852, 483, 53
-854, 603, -5
-897, 651, -21
-823, 752, -40
-774, 909, -116
-820, 1063, -406
-943, 1187, -591
-975, 1454, -425
-977, 1667, -95
-1027, 1692, 75
-1078, 1647, 189
-1053, 1382, 323
-917, 1071, 278
-739, 815, 103
-739, 815, 103
-353, 373, -240
278, -340, -564
929, -1578, -864
-,-,-
-949, 297, -46
-949, 297, -46
-939, 314, -133
-900, 442, -113
-915, 628, -89
-928, 833, -228
-987, 1087, -408
-894, 1369, -403
-873, 1621, -228
-986, 1720, -48
-1150, 1765, -51
-1045, 1809, -55
-625, 1763, 61
-276, 1595, 103
-132, 1031, -232
35, 82, -521
450, -1177, -340
861, -1983, -420
479, -1998, -747
-,-,-
-847, 436, 74
-866, 420, 52
-900, 636, 75
-784, 986, 148
-653, 1302, 95
-653, 1302, 95
-541, 1438, -74
-615, 1641, -233
-902, 1698, -204
-1091, 1654, -133
-1143, 1575, -111
-1237, 1474, -172
-1170, 1401, -11
-1013, 1179, 248
-644, 850, 169
-266, 496, -80
114, -128, -242
537, -1068, -113
696, -1876, -334
-,-,-
-1062, 347, 17
-1062, 347, 17
-1010, 426, -21
-973, 717, 67
-890, 919, 115
-612, 1164, 0
-341, 1471, -201
-258, 1787, -364
-383, 1867, -589
-617, 1774, -904
-1009, 1735, -1033
-1086, 1676, -809
-776, 1552, -264
-514, 1297, 28
-277, 845, 123
-62, -88, -58
-62, -88, -58
291, -1430, -267
669, -1992, -676
-,-,-
-865, 341, -165
-854, 526, -236
-803, 706, -265
-845, 926, -249
-845, 926, -193
-830, 1027, -193
-809, 1224, -174
-797, 1552, -242
-855, 1732, -186
-981, 1728, -94
-1066, 1586, -62
-976, 1410, -191
-796, 1201, -174
-682, 759, -153
-475, 212, -284
-209, -285, -403
157, -899, -545
304, -1760, -697
-196, -1998, -868
-,-,-
-597, 838, -261
-743, 792, -152
-707, 1066, -109
-541, 1595, -73
-399, 1986, -79
-589, 1997, -312
-684, 1997, -398
-739, 1997, -437
-451, 1850, -526
-245, 1300, -533
-169, 582, -289
-45, -318, 141
217, -1153, 89
99, -1986, -668
-76, -1998, -972
-804, -1998, -513
-1340, -1998, 5
-,-,-
-902, 340, -28
-962, 372, -70
-962, 372, -70
-989, 487, -135
-948, 706, -138
-794, 1082, -148
-638, 1442, -200
-531, 1763, -218
-534, 1941, -249
-656, 1997, -384
-730, 1988, -591
-774, 1696, -634
-784, 1204, -489
-835, 785, -287
-843, 274, -266
-518, -118, -379
84, -808, -499
268, -1724, -291
-,-,-
-856, 426, 45
-797, 467, 31
-939, 509, -60
-939, 509, -60
-1019, 599, -169
-951, 936, -297
-717, 1234, -343
-731, 1450, -381
-898, 1596, -368
-916, 1728, -272
-815, 1775, -243
-770, 1695, -247
-950, 1472, -213
-929, 972, -133
-619, 532, -166
-75, 84, -316
477, -784, -420
-,-,-
-1036, 247, -52
-1061, 272, -49
-1061, 272, -49
-1015, 392, -109
-943, 635, -226
-772, 1025, -396
-597, 1418, -428
-564, 1572, -482
-708, 1781, -622
-765, 1996, -566
-573, 1997, -289
-456, 1997, -8
-333, 1863, 35
-198, 1279, -66
28, 423, -142
296, -723, -302
494, -1770, -598
225, -1998, -933
-,-,-
-882, 445, -128
-910, 490, -63
-957, 638, 45
-911, 835, 129
-789, 1235, -51
-682, 1589, -363
-675, 1721, -559
-682, 1818, -629
-648, 1952, -592
-435, 1997, -418
-210, 1908, -164
-177, 1586, 19
-177, 1586, 19
-65, 798, 207
-113, -288, 248
89, -1031, -146
409, -1758, -477
88, -1998, -921
-,-,-
-947, 503, -114
-905, 705, -78
-905, 705, -78
-791, 1112, -100
-635, 1581, -3
-556, 1864, 24
-723, 1996, -264
-995, 1997, -387
-1179, 1997, -349
-1164, 1994, -312
-922, 1697, -300
-710, 818, -270
-235, 29, -477
774, -955, -849
1628, -1945, -1071
-,-,-
-1006, 50, 75
-995, 100, 68
-995, 100, 68
-1002, 256, 94
-978, 552, 168
-859, 791, 255
-803, 954, 163
-948, 1369, -215
-1133, 1822, -372
-1118, 1997, -134
-961, 1997, 26
-822, 1974, -10
-783, 1514, 134
-842, 766, 275
-531, 240, -49
-531, 240, -49
-223, -290, -218
-11, -1050, -380
-134, -1875, -312
-,-,-
-820, 508, -391
-726, 706, -273
-718, 792, -200
-790, 738, -116
-833, 702, 4
-833, 702, 4
-860, 943, 0
-784, 1407, -123
-697, 1828, -66
-794, 1884, -63
-972, 1882, -76
-1127, 1789, 45
-1191, 1520, 95
-926, 1252, -20
-507, 992, -256
-208, 413, -264
-208, 413, -264
78, -542, -70
-,-,-
-859, 697, -223
-778, 757, -128
-778, 757, -128
-731, 786, -32
-737, 832, -13
-781, 929, -134
-751, 1159, -350
-639, 1420, -411
-697, 1505, -217
-909, 1420, 60
-1191, 1334, 146
-1210, 1320, 27
-1056, 1394, -42
-885, 1312, 69
-454, 845, 143
122, 36, 29
122, 36, 29
531, -1259, -409
532, -1998, -544
-,-,-
-722, 754, -80
-757, 950, -128
-714, 1079, -172
-594, 1212, -68
-548, 1367, -59
-658, 1452, -123
-805, 1635, -46
-825, 1793, 244
-790, 1815, 410
-839, 1721, 305
-986, 1419, 179
-923, 883, 233
-923, 883, 233
-676, 487, 112
-385, 121, -180
-25, -460, -392
236, -1324, -500
206, -1986, -754
-,-,-
-699, 737, -26
-726, 805, 111
-716, 895, 89
-565, 1135, -31
-368, 1428, -102
-309, 1570, -123
-518, 1632, -4
-518, 1632, -4
-811, 1723, 241
-977, 1730, 389
-1076, 1642, 397
-1018, 1347, 271
-939, 1035, 47
-755, 817, -117
-405, 339, -274
1, -455, -472
172, -1602, -418
-225, -1998, -394
-,-,-
-909, 826, -231
-640, 1137, -52
-304, 1555, 249
-154, 1555, 298
-154, 1929, 298
-271, 1997, 108
-398, 1997, 17
-447, 1987, 44
-538, 1808, 89
-509, 1507, 141
-349, 1182, 72
-163, 627, -103
-37, -119, -308
26, -1136, -393
38, -1918, -496
-312, -1998, -703
-1137, -1998, -910
-,-,-
-863, 534, 18
-857, 674, 83
-791, 954, 127
-791, 954, 127
-558, 1281, 82
-363, 1681, -73
-276, 1965, -123
-305, 1997, 31
-501, 1997, 89
-794, 1900, -33
-1062, 1696, -39
-1108, 1544, 55
-746, 1344, 23
-196, 880, -249
74, -212, -610
74, -212, -610
168, -1496, -538
-,-,-
-733, 677, -99
-675, 933, -172
-481, 1364, -349
-227, 1819, -413
-81, 1995, -209
-121, 1997, 30
-431, 1997, 284
-845, 1879, 371
-1166, 1524, 107
-1255, 1319, -148
-1104, 965, -179
-764, 603, -165
-256, 75, -260
119, -860, -411
98, -1923, -469
98, -1923, -469
-,-,-
-714, 755, -145
-654, 939, -177
-629, 1140, -218
-479, 1213, -111
-353, 1366, 232
-384, 1363, 432
-519, 1303, 180
-811, 1365, -180
-1135, 1429, -269
-1290, 1406, -196
-1219, 1395, -139
-1159, 1314, -90
-1042, 1024, 8
-806, 828, 152
-616, 522, 206
-493, 91, -5
-194, -236, -287
149, -884, -562
124, -1717, -833
-79, -1998, -847
-,-,-
-884, 495, 52
-808, 706, 55
-808, 706, 55
-704, 836, 54
-655, 929, -59
-703, 1093, -176
-688, 1274, -129
-747, 1536, 32
-949, 1711, 142
-1191, 1766, 219
-1208, 1829, 265
-1107, 1761, 200
-1012, 1756, 118
-768, 1644, 189
-199, 1143, 133
335, 290, -447
335, 290, -447
-,-,-
-760, 673, -80
-753, 782, -30
-710, 999, 55
-587, 1288, 166
-419, 1462, 211
-439, 1606, 128
-683, 1776, -81
-960, 1989, -259
-1011, 1997, -289
-940, 1986, -144
-772, 1858, -98
-772, 1858, -98
-559, 1571, -170
-178, 1043, -129
269, 321, -87
530, -973, -405
715, -1979, -876
-,-,-
-815, 509, 14
-813, 783, 12
-813, 783, 12
-807, 819, -15
-834, 956, -105
-806, 1339, -181
-558, 1804, -95
-423, 1997, 68
-683, 1997, -30
-1080, 1997, -102
-1198, 1997, 60
-921, 1890, 124
-496, 1636, -31
-51, 1077, -189
320, 29, -384
320, 29, -254
-,-,-
-817, 602, -171
-800, 674, -174
-762, 810, -220
-709, 1066, -239
-582, 1307, -210
-424, 1528, -143
-355, 1673, 7
-355, 1673, 7
-442, 1717, 50
-666, 1870, -31
-928, 1966, -100
-1019, 1646, -72
-993, 1271, 71
-751, 1011, 124
-325, 685, 47
-66, 14, -147
-91, -1111, -489
-59, -1934, -359
-,-,-
-813, 589, -83
-880, 628, -10
-923, 458, 96
-980, 384, 91
-980, 384, 91
-989, 487, -3
-966, 696, -106
-915, 939, -222
-838, 1256, -141
-721, 1634, 152
-607, 1869, 233
-666, 1976, -12
-861, 1997, -173
-944, 1981, -2
-788, 1803, 231
-611, 1569, 151
-492, 1171, -72
-216, 452, -276
-216, 452, -276
57, -421, -348
485, -1566, -623
-,-,-
-976, 335, 47
-929, 457, 6
-929, 457, 6
-871, 665, -44
-770, 889, -122
-631, 1120, -149
-524, 1389, -131
-548, 1625, 29
-696, 1862, 303
-892, 1996, 513
-961, 1912, 524
-981, 1693, 291
-993, 1394, 193
-801, 1080, 329
-801, 1080, 329
-366, 700, 190
145, -159, -396
503, -1482, -836
-,-,-
-828, 592, -127
-821, 633, -12
-862, 656, 112
-855, 691, 256
-814, 720, 252
-814, 720, 252
-862, 799, 49
-910, 1052, -248
-891, 1353, -346
-911, 1586, -233
-1067, 1758, -164
-1297, 1948, -185
-1282, 1997, -157
-938, 1997, -32
-325, 1954, 89
288, 1181, -29
645, -325, -312
824, -1822, -649
785, -1998, -1109
-400, -1998, -1530
-,-,-
-760, 545, -140
-846, 620, -157
-818, 760, -158
-729, 1024, -145
-508, 1374, -101
-330, 1667, -108
-441, 1784, -249
-700, 1819, -257
-885, 1791, -70
-1010, 1779, 10
-1017, 1606, 46
-923, 1328, -6
-641, 944, 15
-381, 561, -20
-381, 561, -20
-30, -178, -188
353, -1289, -358
336, -1998, -756
-,-,-
-876, 651, -35
-853, 670, 32
-853, 670, 32
-882, 751, 48
-927, 854, -14
-869, 978, -46
-686, 1192, -79
-466, 1482, -189
-490, 1722, -308
-610, 1808, -283
-714, 1841, -222
-832, 1896, -224
-952, 1838, -147
-1044, 1630, 184
-868, 1333, 568
-443, 968, 485
57, 356, 125
57, 356, 125
245, -679, -161
-,-,-
-764, 659, -332
-754, 878, -302
-759, 1084, -265
-612, 1270, -186
-435, 1549, -198
-509, 1917, -322
-711, 1997, -190
-709, 1974, 133
-641, 1904, 202
-583, 1898, 4
-552, 1660, -175
-498, 1105, -148
-299, 538, -134
106, -77, -368
106, -77, -368
546, -1072, -675
-,-,-
-984, 560, 198
-952, 672, 121
-948, 682, -105
-902, 731, -315
-858, 825, -460
-809, 962, -493
-691, 1104, -362
-579, 1308, -107
-505, 1494, 82
-525, 1642, 33
-625, 1712, -149
-801, 1780, -263
-828, 1674, -343
-850, 1579, -445
-790, 1340, -406
-681, 1065, -167
-396, 691, -21
-164, 111, -227
-164, 111, -227
10, -809, -432
144, -1774, -351
-,-,-
-913, 121, 29
-928, 129, 21
-1040, 211, -86
-1198, 750, -41
-925, 1507, 109
-523, 1986, -43
-547, 1997, -485
-744, 1997, -683
-650, 1997, -545
-440, 1997, -362
-407, 1802, -199
-550, 727, -84
-524, -203, -65
-104, -650, 69
-104, -650, 69
288, -1771, -103
66, -1998, -269
-,-,-
-677, 801, -95
-677, 801, -95
-676, 942, -74
-545, 1103, -86
-463, 1385, -228
-472, 1687, -428
-600, 1972, -355
-838, 1997, -84
-1016, 1997, 11
-1134, 1954, -56
-1073, 1575, 137
-767, 1009, 440
-395, 596, 555
8, -28, 258
273, -1255, -186
286, -1995, -695
-504, -1998, -1063
-,-,-
-713, 606, -296
-689, 641, -351
-677, 766, -465
-688, 1004, -603
-572, 1224, -569
-432, 1389, -366
-396, 1447, -170
-520, 1421, -164
-731, 1278, -293
-886, 1272, -400
-1071, 1368, -359
-1325, 1386, -160
-1332, 1335, -29
-1202, 1411, -38
-1145, 1324, -134
-864, 977, -25
-234, 548, -77
440, -107, -282
-,-,-
-894, 689, -335
-948, 878, -321
-808, 1068, -201
-660, 1220, -101
-591, 1283, -25
-652, 1231, 25
-783, 1214, 55
-897, 1270, 85
-897, 1270, 85
-934, 1366, 122
-1071, 1344, 172
-1294, 1282, 182
-1416, 1089, 172
-1338, 793, 166
-958, 691, 70
-570, 751, 5
-137, 447, -115
314, -587, -562
-,-,-
-900, 613, -153
-838, 694, -130
-823, 699, -164
-892, 686, -165
-927, 665, -80
-890, 672, -10
-852, 880, 66
-683, 1197, 70
-476, 1583, 45
-476, 1583, 45
-378, 1818, 56
-557, 1900, 123
-875, 1894, 122
-1286, 1983, 218
-1443, 1997, 433
-1077, 1971, 505
-718, 1545, 275
-514, 741, -8
-101, -32, 19
322, -1043, -89
534, -1984, -493
-,-,-
-962, 565, -182
-846, 664, -111
-885, 624, -66
-990, 651, 41
-870, 833, 129
-707, 1114, 149
-612, 1367, 125
-547, 1561, 115
-535, 1588, 182
-701, 1492, 118
-994, 1510, -82
-1202, 1575, -154
-1231, 1527, -112
-1283, 1414, -94
-1273, 1305, 24
-958, 1224, 185
-958, 1224, 185
-501, 989, 62
-28, 454, -286
309, -168, -481
1128, -1544, -1092
-,-,-
-941, 422, -194
-941, 422, -194
-857, 447, 27
-854, 621, 241
-822, 864, 304
-681, 1120, 229
-475, 1397, 33
-390, 1743, -82
-482, 1895, -163
-719, 1755, -223
-897, 1593, -255
-1037, 1609, -277
-1158, 1387, -175
-1179, 929, -12
-1041, 341, 133
-632, 242, -15
-206, 29, -97
-206, 29, -97
65, -835, -144
-103, -1822, -217
-,-,-
-831, 600, -189
-740, 641, -169
-706, 828, -128
-790, 879, -95
-790, 879, -95
-831, 933, 79
-714, 1050, 237
-610, 1259, 200
-554, 1493, 12
-533, 1696, 1
-599, 1832, 166
-699, 1885, 278
-854, 1760, 333
-841, 1522, 381
-841, 1522, 381
-642, 1348, 335
-428, 1088, 132
-222, 611, -147
-78, -86, -371
268, -880, -504
-,-,-
-883, 739, -107
-880, 694, -61
-857, 802, -52
-857, 802, -52
-744, 992, 15
-613, 1115, 39
-551, 1184, -9
-605, 1175, -24
-733, 1153, 73
-824, 1125, 172
-853, 1153, 76
-1036, 1265, -115
-1401, 1429, -144
-1448, 1431, -19
-1205, 1385, 45
-803, 1140, -22
-370, 850, -270
29, -28, -396
29, -28, -396
457, -1025, -202
-,-,-
-864, 530, 149
-915, 481, 134
-966, 453, 81
-996, 484, 5
-992, 551, -44
-992, 551, -44
-925, 702, -51
-746, 967, -22
-551, 1211, 80
-521, 1445, -54
-461, 1628, -164
-411, 1798, -264
-435, 1834, -260
-674, 1647, -315
-860, 1484, -367
-930, 1316, -412
-772, 1004, -224
-576, 676, -107
-325, 318, -306
-44, -418, -459
125, -1443, -236
-,-,-
-906, 484, -294
-838, 573, -245
-832, 638, -252
-845, 651, -250
-865, 711, -212
-826, 799, -110
-756, 925, -105
-689, 1127, -214
-620, 1344, -361
-690, 1458, -403
-956, 1573, -286
-1164, 1550, -88
-991, 1564, 118
-724, 1723, 190
-724, 1723, 190
-546, 1660, 164
-258, 1289, 191
74, 573, 117
341, -337, -173
360, -1419, -208
-,-,-
-1071, 446, -249
-1079, 500, -182
-975, 517, -110
-878, 598, -32
-832, 651, -48
-837, 710, -134
-820, 824, -182
-709, 987, -233
-709, 987, -233
-609, 1139, -255
-683, 1271, -231
-806, 1377, -104
-828, 1507, 73
-817, 1572, 119
-776, 1586, 76
-739, 1474, 35
-656, 1187, 37
-422, 796, 56
-156, 229, -79
73, -591, -31
73, -591, -31
-,-,-
-1078, 488, -410
-1063, 647, -527
-1015, 827, -486
-816, 1040, -233
-587, 1203, 54
-587, 1203, 54
-449, 1326, 102
-443, 1477, 28
-449, 1595, 2
-532, 1521, -15
-750, 1349, 32
-911, 1267, 203
-867, 1277, 243
-803, 1182, -16
-819, 802, -142
-836, 354, -47
-836, 354, -47
-567, 52, -114
-167, -216, -426
87, -916, -792
-,-,-
-1029, 504, -164
-960, 452, -136
-964, 479, -109
-977, 482, -116
-1012, 445, -147
-1039, 508, -154
-980, 716, -160
-857, 980, -174
-719, 1304, -192
-686, 1619, -156
-675, 1769, -76
-637, 1785, -74
-649, 1742, -150
-680, 1642, -219
-725, 1453, -272
-686, 1106, -331
-448, 810, -378
-250, 495, -435
-145, 92, -547
10, -588, -722
427, -1588, -749
-,-,-
-1017, 227, -208
-1052, 524, -344
-1073, 886, -511
-922, 1111, -467
-709, 1250, -320
-586, 1448, -140
-541, 1583, 116
-541, 1583, 116
-531, 1636, 265
-435, 1669, 296
-529, 1622, 156
-850, 1429, 112
-982, 1129, 318
-871, 908, 375
-722, 735, 128
-500, 686, -64
-380, 171, -139
-262, -488, -331
-196, -1201, -535
-366, -1855, -937
-,-,-
-1013, 377, -238
-950, 398, -220
-903, 398, -153
-902, 426, -113
-926, 548, -117
-905, 721, -102
-675, 1075, -75
-336, 1434, -120
-304, 1521, -337
-441, 1593, -524
-445, 1662, -372
-424, 1626, -188
-632, 1617, -119
-861, 1513, -2
-861, 1513, -2
-973, 1211, 142
-950, 913, 117
-797, 698, -48
-486, 311, -99
-63, -323, -31
262, -1092, -93
122, -1951, -585
-,-,-
-888, 428, -36
-888, 428, -36
-874, 581, -43
-853, 712, -143
-765, 907, -209
-582, 1174, -255
-540, 1281, -292
-618, 1254, -268
-837, 1273, -160
-910, 1367, -127
-915, 1485, -115
-993, 1427, -152
-1059, 1231, -197
-1029, 1101, -10
-796, 893, 179
-280, 452, 69
-15, -189, -185
-,-,-
-834, 723, -30
-777, 788, 86
-777, 788, 86
-805, 831, 94
-787, 943, 52
-669, 1100, 55
-527, 1232, 78
-500, 1274, 0
-500, 1274, 0
-613, 1257, -196
-737, 1264, -266
-761, 1292, -169
-837, 1284, -119
-1007, 1243, -216
-1122, 1132, -333
-1112, 1035, -329
-1012, 1054, -312
-706, 1066, -260
-273, 877, -243
105, 338, -369
-,-,-
-927, 572, -460
-864, 556, -473
-835, 632, -399
-835, 632, -399
-880, 606, -380
-900, 561, -376
-835, 576, -324
-779, 711, -258
-787, 798, -114
-742, 868, 17
-612, 989, 54
-490, 1211, -6
-383, 1403, -94
-368, 1529, -165
-481, 1613, -256
-632, 1589, -224
-657, 1551, -85
-656, 1481, 1
-656, 1481, 1
-726, 1339, -99
-805, 1037, -189
-567, 704, -267
-152, 568, -423
259, -103, -512
253, -1442, -770
-,-,-
-811, 922, -93
-802, 1090, -44
-691, 1350, -26
-691, 1350, -26
-562, 1595, -130
-488, 1786, -254
-605, 1803, -247
-835, 1709, -234
-898, 1610, -232
-805, 1467, -165
-807, 1143, -6
-740, 729, 38
-566, 279, -77
-255, -155, -181
-299, -910, -22
-491, -1682, 29
-646, -1998, -303
-896, -1998, -717
-1308, -1998, -539
-1450, -1998, 46
-1579, -1931, 529
-,-,-
-761, 854, -228
-707, 1131, -171
-538, 1406, -84
-469, 1631, 10
-537, 1703, -96
-786, 1725, -281
-1112, 1771, -237
-1156, 1854, -87
-1118, 1720, -19
-1036, 1350, -72
-945, 1006, -157
-602, 758, -132
0, 349, -58
0, 349, -58
392, -452, -235
-,-,-
-842, 689, -218
-842, 689, -218
-892, 791, -110
-928, 991, 42
-720, 1402, 64
-557, 1736, 12
-690, 1874, 96
-844, 1727, 307
-885, 1515, 169
-906, 1455, -157
-989, 1314, -247
-947, 1029, -23
-725, 697, 60
-725, 697, 60
-517, 420, -140
-281, 61, -318
11, -578, -419
235, -1384, -421
-,-,-
-883, 660, -291
-888, 797, -307
-840, 959, -335
-788, 1164, -235
-617, 1383, -77
-364, 1643, -46
-386, 1816, -95
-548, 1786, -29
-700, 1687, 20
-796, 1610, -121
-900, 1540, -190
-797, 1344, -53
-618, 936, 109
-346, 432, 68
-346, 432, 68
84, -220, -189
290, -1209, -312
-13, -1953, -521
-485, -1998, -798
-1274, -1998, -781
-1955, -1998, -406
-,-,-
-850, 791, -43
-921, 853, -32
-833, 946, 20
-754, 1230, 83
-745, 1521, 40
-779, 1760, -34
-779, 1760, -34
-812, 1865, -106
-903, 1811, -128
-1000, 1681, -84
-986, 1533, -33
-756, 1312, 121
-503, 982, 159
-224, 599, 68
60, -1, -72
264, -946, -110
201, -1842, -85
-,-,-
-888, 658, -101
-824, 823, -32
-713, 1003, -18
-596, 1208, -81
-500, 1422, -150
-559, 1536, -109
-640, 1593, 87
-738, 1578, 118
-738, 1578, 118
-823, 1445, -56
-877, 1311, -186
-857, 1126, -236
-767, 833, -191
-660, 442, -158
-438, -119, -185
-209, -715, -146
-159, -1243, -297
-,-,-
-839, 633, -158
-839, 633, -158
-811, 818, -125
-631, 1061, -173
-551, 1396, -391
-559, 1608, -509
-718, 1740, -546
-836, 1881, -549
-803, 1923, -383
-733, 1743, -184
-732, 1359, -39
-741, 931, -39
-515, 432, -16
-286, -295, 26
-141, -1041, -124
-91, -1796, -275
-,-,-
-752, 1113, -244
-623, 1209, -324
-658, 1266, -408
-853, 1304, -438
-1017, 1313, -398
-1041, 1434, -256
-1043, 1547, -104
-1085, 1502, -180
-1074, 1276, -266
-878, 893, -97
-615, 603, 41
-311, 334, 99
-196, -221, 117
-176, -1099, -32
-88, -1763, -360
-253, -1998, -587
-382, -1998, -701
-,-,-
-771, 891, 27
-648, 1247, 24
-710, 1494, -134
-697, 1896, -263
-500, 1997, -206
-465, 1997, -98
-465, 1997, -131
-706, 1802, -131
-1015, 1312, -238
-577, 520, -13
-577, 520, -13
-415, 348, 150
-614, -271, -53
-467, -892, -111
-278, -1552, -13
-495, -1998, -121
-,-,-
-890, 727, -165
-845, 804, 39
-658, 973, 30
-398, 1335, -193
-221, 1755, -495
-128, 1864, -562
-226, 1720, -644
-499, 1637, -851
-908, 1675, -920
-1025, 1501, -695
-816, 1266, -461
-672, 928, -277
-385, 305, -173
-90, -680, -118
-51, -1757, 73
-,-,-
-947, 513, -224
-951, 640, -179
-779, 812, -71
-670, 1036, -24
-567, 1294, -72
-442, 1542, -85
-428, 1608, -153
-561, 1643, -273
-684, 1686, -354
-909, 1665, -384
-974, 1522, -354
-826, 1392, -229
-620, 977, -212
-417, 380, -344
-175, -532, -519
-16, -1598, -288
-,-,-
-888, 753, -269
-793, 971, -143
-793, 971, -143
-659, 1188, -143
-603, 1438, -254
-510, 1631, -185
-557, 1762, -211
-705, 1860, -360
-900, 1645, -345
-1063, 1131, -142
-1027, 1076, 76
-731, 1117, 158
-222, 919, 294
87, 176, 221
136, -890, -262
-68, -1917, -544
-,-,-
-774, 754, -370
-688, 946, -339
-584, 1081, -276
-464, 1226, -306
-404, 1443, -357
-372, 1553, -431
-436, 1640, -413
-600, 1685, -319
-656, 1636, -207
-733, 1530, 154
-795, 1314, 473
-763, 1136, 396
-673, 778, 126
-415, 114, -181
-328, -1115, -285
-535, -1988, -602
-869, -1998, -1187
-,-,-
-850, 633, -419
-809, 888, -450
-688, 1186, -366
-488, 1580, -231
-285, 1918, -192
-144, 1997, -279
-203, 1997, -592
-271, 1997, -721
-386, 1947, -595
-475, 1244, -305
-598, 483, 127
-599, 25, 233
-439, -397, 203
-551, -1378, 262
-641, -1915, -26
-873, -1998, -743
-1333, -1998, -1205
-,-,-
-608, 735, -443
-586, 758, -420
-648, 791, -397
-648, 791, -397
-632, 967, -393
-582, 1206, -432
-561, 1430, -478
-534, 1610, -457
-566, 1829, -392
-600, 1802, -283
-746, 1528, -62
-737, 1250, 263
-520, 1072, 443
-333, 837, 444
-261, 38, 191
-180, -898, 25
-66, -1728, -82
-364, -1998, -424
-916, -1998, -620
-,-,-
-884, 389, -127
-853, 650, -112
-819, 840, -94
-772, 1077, -134
-694, 1349, -205
-639, 1663, -200
-755, 1821, -169
-1057, 1805, -173
-1213, 1743, -268
-1092, 1707, -364
-805, 1511, -406
-489, 899, -339
-291, -148, -285
16, -1077, -307
213, -1884, -43
-,-,-
-915, 560, -206
-838, 839, -196
-633, 1144, -232
-458, 1456, -355
-471, 1669, -394
-574, 1765, -284
-751, 1742, -244
-935, 1753, -327
-1066, 1730, -453
-1072, 1558, -364
-1100, 1222, -133
-684, 846, -90
79, 166, -81
79, 166, -81
419, -1310, 29
-,-,-
-742, 537, -35
-731, 538, -66
-744, 552, -103
-689, 703, -118
-506, 1079, -21
-430, 1490, -95
-438, 1830, -338
-574, 1997, -456
-764, 1997, -361
-881, 1919, -201
-1002, 1484, -88
-999, 1034, -59
-864, 767, -128
-546, 485, -199
-124, 49, -211
211, -1166, -248
-,-,-
-664, 654, -118
-677, 720, -45
-724, 787, -76
-723, 1002, -240
-660, 1443, -342
-589, 1586, -165
-779, 1532, -103
-1115, 1565, -251
-1311, 1816, -414
-1267, 1851, -291
-1051, 1519, -87
-849, 1007, -107
-574, 214, 33
-288, -555, 73
148, -1297, -324
265, -1967, -1000
-,-,-
-766, 963, -33
-766, 963, -33
-696, 1291, -18
-474, 1541, -50
-463, 1580, -345
-829, 1558, -568
-1129, 1483, -429
-1150, 1266, -95
-1039, 1020, 154
-988, 1056, 159
-915, 692, 196
-690, 46, 361
-391, -630, 177
-267, -1428, -405
-,-,-
-677, 732, -696
-764, 844, -564
-720, 1052, -352
-636, 1296, -241
-441, 1404, -299
-478, 1567, -268
-602, 1645, -120
-785, 1642, 20
-912, 1526, 69
-970, 1431, -2
-877, 1274, -26
-630, 897, -94
-397, 296, -236
-397, 296, -236
-98, -708, -265
-27, -1767, -276
-,-,-
-946, 667, 34
-814, 940, 101
-652, 1193, 167
-698, 1340, -130
-757, 1535, -399
-817, 1698, -439
-917, 1737, -229
-972, 1641, -63
-987, 1575, -121
-952, 1378, -191
-787, 1021, -207
-556, 525, -210
-556, 525, -210
-462, 113, -244
-172, -458, -295
-38, -1241, -311
-102, -1882, -793
-,-,-
-786, 531, -169
-822, 798, -109
-822, 798, -109
-706, 1132, -83
-463, 1619, -71
-392, 1955, -5
-561, 1921, 8
-937, 1659, -45
-1255, 1318, -230
-1302, 1125, -346
-1096, 1073, -379
-831, 894, -305
-485, 456, -212
-165, 18, -206
107, -778, -348
-,-,-
-986, 152, -26
-977, 188, -40
-929, 269, -41
-1051, 504, -49
-1135, 936, -117
-994, 1379, 26
-791, 1547, 92
-761, 1668, 0
-761, 1668, 0
-981, 1772, -215
-1161, 1528, -383
-1267, 1072, -563
-1195, 797, -569
-933, 737, -366
-580, 489, -134
-315, 42, -63
75, -655, -152
400, -1360, -220
-,-,-
-949, 455, -293
-997, 626, -238
-997, 626, -238
-871, 1051, -71
-556, 1552, 18
-364, 1790, 47
-419, 1902, -9
-679, 1931, -138
-934, 1771, -385
-1089, 1586, -467
-1054, 1287, -264
-988, 973, 54
-823, 681, 147
-428, 373, 123
12, -333, 39
12, -333, 39
226, -1305, -300
-,-,-
-944, 622, -273
-935, 771, -313
-889, 1044, -397
-822, 1367, -438
-681, 1638, -416
-691, 1834, -519
-716, 1912, -582
-647, 1879, -444
-572, 1796, -169
-572, 1796, -169
-597, 1454, -33
-601, 949, 22
-436, 312, 8
-245, -67, -48
-145, -841, -78
-236, -1607, -125
-441, -1988, -475
-752, -1998, -804
-,-,-
-925, 313, -76
-982, 272, -81
-969, 348, -74
-969, 348, -74
-968, 544, -95
-879, 854, -68
-669, 1249, -91
-472, 1588, -197
-400, 1705, -275
-489, 1727, -303
-731, 1754, -261
-1009, 1624, -265
-975, 1373, -224
-1029, 1220, -218
-982, 882, -194
-782, 414, -157
-355, -14, -99
179, -657, -201
233, -1538, -513
-,-,-
-905, 599, 47
-865, 820, 119
-784, 1086, 0
-784, 1086, 0
-581, 1593, -176
-445, 1985, -199
-599, 1963, -350
-814, 1792, -459
-927, 1662, -440
-795, 1443, -231
-755, 1118, -232
-711, 635, -346
-573, 142, -412
-266, -254, -278
88, -454, -347
482, -982, -742
360, -1918, -1156
-,-,-
-1000, 368, -124
-949, 501, -108
-829, 707, -38
-755, 1043, -53
-880, 1426, -116
-900, 1700, -65
-640, 1792, 114
-555, 1731, 128
-812, 1502, -143
-1149, 1189, -414
-1271, 735, -504
-894, 421, -453
-435, 293, -319
-130, 26, -340
54, -892, -445
-40, -1906, -661
-874, -1998, -700
-,-,-
-885, 694, -187
-885, 694, -187
-844, 862, -182
-729, 1214, -150
-488, 1769, 14
-309, 1963, 32
-370, 1959, -130
-553, 1977, -197
-657, 1881, -242
-537, 1633, -152
-580, 1357, -60
-569, 899, 42
-452, 380, 194
-256, -193, -75
-91, -801, -341
36, -1586, -518
-,-,-
-956, 718, -312
-926, 755, -237
-820, 917, -192
-666, 1169, -175
-573, 1375, -160
-580, 1481, -243
-647, 1512, -303
-644, 1589, -238
-570, 1733, -56
-541, 1649, 195
-485, 1376, 337
-423, 897, 237
-423, 897, 237
-432, 363, 245
-348, 33, 249
-481, -575, -50
-133, -1197, -646
-,-,-
-966, 306, -88
-974, 274, -58
-965, 268, -45
-978, 383, -3
-935, 564, 81
-837, 841, 140
-837, 841, 140
-613, 1257, 162
-405, 1705, 124
-421, 1890, -15
-534, 1948, -181
-617, 1907, -114
-667, 1696, 9
-758, 1189, -27
-842, 820, -244
-926, 377, -536
-858, 33, -566
-483, -198, -669
-178, -916, -398
-,-,-
-744, 945, -222
-622, 1096, -158
-589, 1167, -117
-569, 1253, -101
-661, 1351, -314
-858, 1489, -572
-963, 1624, -579
-1000, 1677, -515
-913, 1789, -414
-797, 1731, -211
-817, 1232, 14
-707, 775, 158
-392, 626, 168
-14, 213, -143
-14, 213, -143
-,-,-
-821, 547, -102
-815, 800, -62
-698, 1073, -154
-543, 1363, -259
-372, 1672, -204
-399, 1899, -171
-589, 1886, -290
-947, 1668, -393
-1144, 1388, -313
-977, 1249, -80
-711, 1220, 186
-784, 801, 240
-751, 20, 20
-511, -757, -280
-164, -1326, -467
-88, -1909, -525
-,-,-
-806, 639, -301
-718, 856, -257
-416, 1171, -259
-286, 1787, -335
-211, 1997, -340
-347, 1952, -364
-812, 1712, -498
-1246, 1608, -444
-1417, 1361, -94
-1314, 1262, 212
-1281, 916, 40
-1244, 441, 140
-913, -25, 294
-359, -387, 314
41, -982, -311
-,-,-
-996, 567, -508
-1006, 608, -573
-983, 662, -492
-840, 685, -338
-781, 868, -191
-746, 1285, -205
-541, 1797, -276
-212, 1997, -302
-183, 1997, -500
-504, 1997, -851
-751, 1927, -798
-746, 1460, -424
-652, 1084, -153
-507, 673, -79
-428, -89, 137
-428, -89, 137
-138, -1130, 387
-115, -1917, -119
-,-,-
-713, 598, -297
-719, 685, -305
-734, 844, -290
-664, 1057, -216
-563, 1466, -139
-511, 1905, -260
-626, 1997, -527
-971, 1997, -588
-971, 1997, -588
-1147, 1997, -459
-876, 1315, 86
-876, 1315, 86
-518, 482, 81
-432, 24, 121
-95, -852, -73
-51, -1787, -43
-238, -1998, -180
-,-,-
-886, 525, -123
-808, 752, -184
-678, 1173, -347
-502, 1555, -388
-415, 1715, -389
-444, 1755, -543
-678, 1838, -603
-922, 1681, -449
-1044, 1277, -218
-1038, 1025, -108
-733, 827, 49
-527, 430, 196
-350, -211, 137
-296, -1033, 177
-245, -1715, -287
-443, -1998, -996
-,-,-
-953, 332, -106
-934, 488, -321
-742, 852, -536
-647, 1301, -578
-570, 1544, -364
-445, 1795, -243
-289, 1997, -353
-319, 1997, -534
-495, 1997, -641
-643, 1996, -479
-623, 1693, -68
-448, 1010, 187
-325, 379, 374
67, -305, 328
67, -305, 328
410, -1374, 0
-,-,-
-831, 734, -364
-753, 979, -329
-569, 1227, -252
-475, 1317, -273
-488, 1392, -326
-693, 1541, -356
-880, 1600, -258
-854, 1600, -153
-854, 1516, -153
-875, 1403, -143
-930, 1497, -38
-769, 1486, 354
-388, 933, 200
-6, -19, -422
297, -1387, -911
-,-,-
-847, 671, -241
-719, 1085, -240
-352, 1591, -278
-96, 1987, -416
-99, 1997, -466
-236, 1997, -347
-470, 1997, -123
-685, 1792, 66
-768, 1291, 35
-718, 724, 18
-626, 184, 109
-726, -852, 123
-791, -1635, 93
-791, -1635, 93
-951, -1998, -117
-,-,-
-612, 946, -381
-563, 1037, -295
-433, 1167, -241
-329, 1319, -174
-246, 1497, -189
-186, 1552, -245
-167, 1452, -209
-290, 1293, -281
-657, 1178, -281
-1120, 1220, -304
-1338, 1400, -369
-1238, 1541, -256
-890, 1418, -131
-357, 915, -355
71, -263, -246
171, -1697, -501
306, -1998, -1087
-,-,-
-666, 798, -432
-666, 798, -432
-598, 852, -343
-506, 961, -201
-587, 1001, -143
-607, 1039, -133
-359, 1357, -122
-216, 1600, -253
-262, 1742, -371
-501, 1773, -407
-832, 1761, -414
-1095, 1674, -418
-1133, 1519, -407
-1011, 1333, -377
-713, 1089, -255
-400, 619, 10
113, -49, -64
508, -1303, -269
603, -1998, -975
-,-,-
-556, 1024, -432
-637, 920, -393
-608, 1043, -272
-392, 1306, -53
-227, 1411, -78
-227, 1411, -78
-276, 1357, -255
-372, 1197, -290
-471, 1181, -198
-659, 1316, -212
-756, 1541, -224
-703, 1668, -120
-853, 1654, 11
-926, 1699, 130
-821, 1640, 380
-489, 1427, 418
98, 674, 198
469, -665, -103
707, -1917, -1012
-,-,-
-695, 866, -155
-700, 1148, -106
-751, 1147, -46
-667, 1116, 19
-614, 1096, 8
-614, 1096, 8
-647, 1089, 14
-795, 1180, 29
-977, 1278, 6
-1158, 1367, -21
-1270, 1420, -77
-1239, 1562, -135
-1102, 1830, -58
-767, 1754, 16
-401, 1291, -53
26, 462, -319
26, 462, -319
-,-,-
-632, 956, -309
-603, 1016, -365
-499, 1186, -249
-384, 1487, -110
-357, 1550, -82
-357, 1550, -82
-287, 1671, -145
-339, 1922, -254
-507, 1997, -302
-768, 1997, -372
-1110, 1990, -408
-1153, 1718, -305
-746, 1345, -90
-175, 976, 65
470, 141, -125
589, -1632, -278
-,-,-
-664, 764, -77
-507, 1042, 122
-507, 1042, 122
-328, 1265, 288
-257, 1300, 167
-230, 1381, -26
-235, 1500, -158
-455, 1598, -278
-909, 1555, -353
-1358, 1551, -335
-1533, 1621, -175
-1454, 1869, 23
-1180, 1944, 115
-704, 1512, 90
-309, 626, -89
36, -542, -264
349, -1834, -675
-,-,-
-720, 760, -201
-878, 748, 1
-860, 649, 247
-925, 719, 370
-978, 815, 294
-900, 1017, 236
-900, 1017, 236
-675, 1301, 184
-497, 1532, 99
-577, 1694, -85
-716, 1825, -225
-772, 1845, -247
-873, 1807, -297
-1221, 1832, -437
-1374, 1703, -471
-1111, 1569, -240
-733, 1372, -29
-275, 1053, 0
229, 383, -81
575, -946, -26
564, -1960, -136
-,-,-
-623, 869, -271
-563, 1010, -176
-467, 1307, -198
-481, 1536, -281
-738, 1590, -269
-1060, 1602, -153
-1317, 1674, 52
-1406, 1714, 144
-1303, 1629, 107
-1114, 1347, 84
-921, 833, 103
-675, 395, 107
-305, 128, 143
204, -505, -79
563, -1664, -487
362, -1998, -765
-,-,-
-819, 773, -363
-958, 681, -2
-903, 606, 218
-899, 817, 142
-806, 1200, -179
-605, 1549, -353
-493, 1678, -452
-617, 1776, -466
-835, 1747, -248
-1055, 1588, 187
-1121, 1311, 371
-999, 1118, 273
-791, 875, 159
-791, 875, 159
-495, 323, -2
-299, -397, -273
-136, -1311, -529
-224, -1918, -893
-,-,-
-717, 687, -207
-801, 871, -117
-776, 920, -12
-657, 1087, 24
-535, 1444, -114
-518, 1728, -282
-659, 1852, -335
-843, 1867, -276
-941, 1857, -268
-940, 1796, -237
-833, 1635, -156
-839, 1207, -109
-841, 666, -40
-602, 325, 49
-602, 325, 49
-183, -40, 116
34, -1031, -216
14, -1961, -795
-424, -1998, -957
-,-,-
-917, 279, -139
-976, 386, -148
-1064, 539, -162
-1004, 830, -249
-707, 1265, -192
-430, 1812, -147
-452, 1997, -228
-532, 1997, -215
-562, 1997, -3
-463, 1978, 316
-464, 1731, 481
-578, 1049, 331
-648, 327, 49
-483, -249, -206
-133, -422, -328
189, -1159, -469
247, -1948, -561
-,-,-
-947, 374, -97
-851, 436, -69
-885, 531, -15
-861, 677, 35
-861, 677, 35
-686, 868, -58
-539, 1033, -291
-579, 1163, -479
-680, 1218, -434
-818, 1231, -235
-948, 1329, -19
-1074, 1444, 127
-1171, 1527, 165
-1197, 1361, 276
-1214, 1078, 421
-1058, 713, 453
-763, 479, 288
-362, 166, 38
-2, -435, -326
319, -1468, -489
140, -1998, -723
-684, -1998, -1520
-,-,-
-817, 462, -211
-871, 528, -173
-895, 549, -178
-860, 704, -130
-777, 845, -76
-673, 1061, -90
-528, 1407, -195
-412, 1690, -320
-475, 1806, -273
-612, 1819, -247
-763, 1750, -285
-886, 1497, -311
-964, 1326, -327
-949, 1183, -181
-905, 1069, 40
-696, 715, 116
-274, 24, -134
-274, 24, -134
283, -947, -154
-,-,-
-884, 328, -215
-903, 485, -251
-855, 566, -266
-658, 812, -261
-522, 1199, -231
-393, 1535, -347
-426, 1725, -506
-474, 1846, -470
-550, 1936, -360
-729, 1964, -347
-826, 1738, -300
-861, 1310, -247
-791, 769, -176
-638, 224, -5
-486, -343, 91
-324, -1078, 91
-460, -1814, 258
-1047, -1998, -67
-1635, -1998, -418
-,-,-
-939, 629, -172
-832, 970, -82
-807, 1221, -59
-846, 1444, -195
-758, 1675, -369
-861, 1826, -412
-1239, 1727, -295
-1457, 1694, -93
-1296, 1627, -67
-884, 1308, -216
-505, 988, -247
-347, 602, -27
54, 65, -33
54, 65, -33
278, -866, -259
-,-,-
-891, 791, -405
-873, 900, -281
-848, 1164, -233
-687, 1470, -286
-564, 1757, -221
-521, 1833, -61
-723, 1988, 46
-906, 1997, 68
-940, 1903, 133
-714, 1392, 158
-466, 814, 248
-198, 242, -144
57, -993, -507
57, -993, -507
-,-,-
-793, 1024, -212
-618, 1294, -106
-313, 1700, 12
-194, 1908, 147
-294, 1902, 53
-294, 1902, 53
-428, 1909, -64
-484, 1662, 70
-651, 1394, 532
-803, 1062, 745
-930, 577, 473
-855, 13, 65
-682, -711, -97
-465, -1005, -287
-679, -1877, -765
-1301, -1998, -1144
-1865, -1998, -546
-,-,-
-921, 419, -423
-841, 530, -415
-852, 643, -370
-962, 732, -316
-1074, 895, -263
-880, 1187, -192
-762, 1497, -242
-1001, 1679, -155
-1245, 1681, -84
-1241, 1752, -135
-1002, 1875, -139
-611, 1942, 37
-124, 1555, 123
-124, 1555, 123
123, 662, -185
298, -652, -648
658, -1792, -990
529, -1998, -1144
-,-,-
-1027, 716, 104
-933, 966, 19
-721, 1267, 3
-758, 1518, -78
-782, 1592, -297
-752, 1684, -305
-815, 1764, -194
-857, 1678, -189
-919, 1501, -227
-950, 1305, -229
-509, 1181, -88
-509, 1181, -88
-84, 1008, 12
-12, 422, -316
-54, -544, -382
130, -1240, -153
181, -1956, -428
-,-,-
-1019, 671, -57
-837, 930, -101
-735, 1190, -112
-559, 1510, -86
-360, 1868, -311
-205, 1997, -472
-196, 1997, -397
-269, 1985, -137
-381, 1666, 68
-419, 1146, 54
-513, 792, -45
-513, 792, -45
-654, 235, -62
-689, -240, -119
-663, -757, -220
-661, -1422, -387
-657, -1899, -609
-,-,-
-866, 682, -61
-799, 912, -44
-626, 1088, -99
-588, 1257, -142
-508, 1319, -43
-446, 1434, 207
-467, 1536, 207
-687, 1684, 26
-1018, 1683, -130
-1064, 1405, -59
-1052, 1063, 77
-899, 883, 215
-665, 621, 294
-665, 621, 294
-325, 116, 55
11, -823, -455
40, -1854, -1115
-,-,-
-959, 42, -1
-959, 42, -1
-990, 36, -63
-992, 123, -97
-1029, 339, -98
-1040, 663, -48
-884, 1154, -79
-629, 1906, -338
-417, 1997, -480
-603, 1997, -397
-908, 1997, -294
-1116, 1877, -336
-1081, 1569, -328
-812, 1283, -190
-457, 903, -112
-32, 321, -175
255, -454, -282
255, -1637, -448
-,-,-
-854, 956, -62
-854, 956, -62
-625, 1361, 53
-419, 1804, -62
-293, 1997, -184
-183, 1997, -179
-295, 1997, -341
-656, 1990, -416
-777, 1578, -27
-550, 1392, -129
-325, 1399, -748
-274, -40, -730
-455, -1819, -159
-736, -1998, -278
-679, -1998, -626
-,-,-
-956, 665, -234
-978, 783, -471
-804, 914, -616
-734, 1043, -560
-802, 1072, -245
-732, 1200, 38
-382, 1679, 121
-126, 1997, 224
-313, 1997, 173
-733, 1994, -96
-954, 1827, -333
-900, 1656, -384
-729, 1618, -359
-596, 1128, -306
-624, -116, -86
-550, -1160, 223
-147, -1702, -106
-183, -1948, -575
-,-,-
-672, 589, 235
-588, 916, 98
-576, 1191, -8
-576, 1191, -8
-620, 1194, 60
-673, 1281, 13
-845, 1478, -265
-1157, 1721, -492
-1368, 1812, -582
-1355, 1951, -572
-1177, 1964, -315
-888, 1641, -173
-665, 1046, -282
-508, 194, -411
-166, -670, -694
37, -1692, -1181
-171, -1998, -1290
-,-,-
-969, 828, -193
-820, 999, -72
-640, 1179, -17
-640, 1179, -17
-579, 1438, 19
-545, 1803, -18
-417, 1957, -135
-500, 1997, -296
-640, 1997, -471
-828, 1983, -539
-933, 1541, -358
-1026, 894, -143
-910, 680, -19
-832, 260, 41
-803, -634, -107
-509, -1321, -154
-,-,-
-1028, 532, -7
-905, 760, -30
-730, 1013, -42
-709, 1401, -91
-371, 1806, -13
-371, 1806, -13
-84, 1997, -37
-105, 1997, -128
-320, 1994, -189
-383, 1761, -271
-440, 1505, -173
-465, 1031, -149
-493, 408, -261
-424, -448, -401
-469, -1426, -461
-,-,-
-720, 923, -233
-752, 1059, -221
-660, 1232, -36
-524, 1571, 129
-331, 1923, 222
-299, 1956, 97
-299, 1956, 97
-434, 1896, -281
-609, 1867, -563
-732, 1881, -622
-850, 1642, -538
-898, 1166, -347
-835, 606, -152
-571, 339, -252
-143, 7, -468
151, -1177, -774
-,-,-
-906, 618, -312
-769, 765, -280
-405, 1300, -52
-73, 1963, 43
-73, 1963, 43
75, 1997, -162
43, 1997, -464
-121, 1997, -587
-310, 1997, -660
-441, 1867, -627
-628, 1561, -352
-597, 1099, -91
-455, 533, -38
-209, -164, -471
-210, -1379, -827
-,-,-
-729, 785, 20
-730, 1044, 29
-437, 1365, 47
-167, 1892, -75
-20, 1997, -174
62, 1997, -106
-90, 1997, -41
-90, 1997, -41
-366, 1955, -174
-526, 1619, -326
-654, 1201, -365
-476, 1057, -131
-274, 769, -33
-371, -46, -41
-310, -745, 95
-187, -1181, -136
-200, -1830, -1033
-856, -1998, -1801
-,-,-
-753, 773, -60
-699, 890, 0
-771, 977, 59
-705, 977, 130
-705, 977, 130
-595, 1146, 168
-444, 1490, 100
-425, 1704, 2
-526, 1623, -177
-782, 1477, -264
-944, 1358, -178
-910, 1259, -168
-917, 1233, -229
-897, 1140, -242
-751, 881, -183
-295, 640, -219
-14, 165, -494
354, -777, -1018
-,-,-
-802, 1004, -27
-587, 1309, 139
-457, 1525, 229
-460, 1639, 63
-549, 1741, -317
-825, 1754, -432
-1130, 1618, -320
-1180, 1337, -221
-1187, 1135, -213
-1048, 964, -137
-917, 649, 73
-466, 235, 92
23, -315, -228
23, -315, -228
212, -1264, -870
-,-,-
-953, 259, -185
-933, 274, -104
-960, 424, -28
-960, 424, -28
-801, 638, 42
-613, 1087, 87
-408, 1632, -63
-165, 1978, -211
-184, 1997, -243
-260, 1997, -11
-305, 1997, 174
-474, 1757, 48
-792, 1213, -106
-1060, 671, -194
-986, 416, -188
-542, 193, -167
-239, -391, -288
-211, -1404, -614
-89, -1998, -919
-,-,-
-908, 556, -271
-1037, 548, -307
-902, 741, -347
-696, 1168, -396
-466, 1678, -410
-360, 1937, -537
-272, 1997, -495
-239, 1997, -169
-169, 1997, 342
-219, 1876, 662
-517, 1401, 345
-832, 794, -13
-826, 336, 88
-826, 149, 44
-452, 134, -339
-228, -672, -897
-411, -1701, -1589
-,-,-
-511, 1004, -395
-519, 976, -206
-486, 1143, -117
-346, 1472, -169
-355, 1676, -394
-293, 1744, -396
-150, 1813, -313
-196, 1938, -215
-372, 1867, -213
-513, 1563, -306
-698, 1109, -142
-646, 899, 148
-646, 899, 148
-542, 662, 15
-366, -146, -532
-203, -1281, -676
-,-,-
-617, 901, -83
-448, 1117, 32
-350, 1309, 29
-350, 1309, 29
-328, 1333, -46
-285, 1433, -52
-391, 1527, -72
-660, 1564, 23
-893, 1500, 225
-1039, 1373, 251
-1074, 1282, 85
-884, 1346, -115
-732, 1111, -144
-670, 594, -86
-536, 13, -33
-336, -520, -162
-194, -992, -621
-141, -1686, -1057
-,-,-
-776, 414, -170
-736, 545, -221
-684, 739, -175
-605, 1189, 16
-337, 1641, -38
-152, 1816, -237
-171, 1905, -379
-304, 1956, -354
-531, 1828, -259
-758, 1690, -334
-745, 1435, -473
-719, 1249, -362
-763, 1115, -306
-702, 576, -420
-515, -99, -399
-245, -938, -388
93, -1721, -307
-219, -1993, -318
-,-,-
-779, 830, -383
-739, 923, -341
-563, 1219, -287
-402, 1606, -251
-216, 1883, -274
-4, 1994, -218
-9, 1997, -115
-9, 1997, -97
-277, 1997, -97
-568, 1892, -185
-575, 1554, -269
-547, 1438, -10
-522, 958, 122
-304, 55, 134
-169, -947, -156
-259, -1904, -513
-1086, -1998, -859
-,-,-
-757, 1014, -524
-674, 1193, -457
-505, 1497, -439
-377, 1803, -474
-508, 1913, -385
-803, 1868, -193
-866, 1674, -23
-866, 1674, -23
-945, 1408, -133
-935, 1245, -225
-828, 979, -10
-645, 549, 159
-404, 116, 76
-197, -386, 2
-346, -1105, -411
-,-,-
-608, 996, 68
-651, 1151, 216
-550, 1376, 171
-493, 1692, 22
-489, 1944, -114
-635, 1870, -264
-930, 1522, -380
-1060, 1369, -411
-1021, 1439, -356
-865, 1539, -273
-719, 1380, -94
-439, 946, -12
-130, 195, -40
-130, 195, -40
-1, -709, 86
-144, -1665, -140
-,-,-
-544, 1111, -565
-631, 1225, -415
-630, 1015, -82
-599, 849, 207
-475, 989, 254
-445, 1417, 12
-392, 1815, -97
-380, 1926, -303
-534, 1738, -539
-857, 1575, -642
-1020, 1426, -496
-878, 1309, -247
-623, 1358, -118
-332, 1222, -71
-105, 542, -37
-51, -481, 94
-51, -481, 94
106, -1183, 231
-,-,-
-542, 1039, -337
-653, 1194, -431
-503, 1416, -383
-278, 1667, -217
-246, 1690, -170
-334, 1746, -222
-296, 1850, -208
-389, 1717, -237
-718, 1414, -423
-1026, 1231, -488
-1138, 1027, -235
-1150, 972, 158
-1002, 884, 205
-740, 592, 64
-413, 177, -110
-115, -331, -68
-58, -941, -188
-,-,-
-618, 1041, -523
-621, 1058, -614
-461, 1176, -495
-258, 1314, -357
-191, 1452, -398
-101, 1739, -422
-86, 1853, -318
-226, 1750, -323
-368, 1613, -487
-589, 1589, -533
-849, 1376, -337
-973, 1202, -126
-902, 1089, -125
-572, 874, -366
-254, 306, -611
-154, -984, -375
-70, -1892, -31
-,-,-
-694, 695, -615
-601, 988, -684
-459, 1265, -717
-327, 1400, -576
-128, 1572, -323
80, 1795, -231
33, 1863, -233
-88, 1792, -272
-263, 1679, -297
-555, 1595, -263
-770, 1563, -223
-973, 1266, -163
-884, 1014, -72
-737, 775, 13
-513, 741, 169
-513, 741, 169
-304, 145, -88
-191, -1053, -500
-,-,-
-621, 738, -657
-631, 833, -637
-573, 1080, -511
-397, 1374, -375
-135, 1660, -361
-98, 1873, -338
-257, 1884, -262
-499, 1838, -219
-606, 1727, -233
-749, 1547, -226
-909, 1149, -47
-787, 913, 6
-787, 913, 6
-431, 797, -21
-207, 435, -262
-330, -565, -426
-489, -1658, -278
-746, -1995, -542
-,-,-
-677, 945, -704
-733, 998, -649
-641, 1151, -503
-481, 1499, -375
-280, 1746, -355
-228, 1872, -435
-234, 1884, -524
-294, 1806, -531
-491, 1527, -551
-619, 1273, -505
-656, 1016, -314
-726, 729, -51
-880, 451, 140
-911, 337, 102
-911, 337, 102
-757, 194, -114
-524, -87, -123
-,-,-
-852, 629, -312
-816, 756, -302
-759, 932, -356
-473, 1197, -406
-239, 1483, -534
-192, 1644, -562
-227, 1673, -505
-295, 1569, -579
-355, 1508, -753
-446, 1518, -826
-595, 1453, -708
-655, 1179, -536
-644, 851, -437
-559, 702, -264
-559, 702, -264
-420, 302, -140
-299, -301, -3
-46, -1172, 90
-,-,-
-834, 525, -95
-900, 796, 8
-810, 1021, 130
-654, 1222, 102
-654, 1222, -44
-450, 1446, -44
-420, 1619, -222
-521, 1704, -360
-656, 1658, -355
-897, 1500, -288
-920, 1378, -252
-981, 1372, -253
-915, 1295, -261
-752, 942, -77
-448, 558, -3
-220, 433, -105
-57, -192, -325
119, -942, -454
-,-,-
-552, 1014, -844
-505, 1122, -572
-462, 1323, -52
-365, 1363, 123
-116, 1654, -29
45, 1958, -177
45, 1958, -177
-165, 1868, -190
-459, 1614, -119
-575, 1426, -4
-631, 1362, -59
-648, 1330, -75
-775, 990, -47
-716, 615, 7
-560, 197, -114
-465, -193, -257
-417, -646, -293
-516, -1280, -441
-658, -1793, -861
-,-,-
-542, 1162, -251
-525, 1317, -268
-549, 1519, -214
-430, 1745, -63
-160, 1909, -113
-312, 1709, -276
-574, 1319, -335
-752, 1011, -438
-879, 869, -490
-1092, 806, -361
-1116, 717, -122
-966, 546, -7
-966, 546, -7
-614, 454, -95
-538, 182, -105
-484, -402, 46
-497, -666, 95
-,-,-
-557, 993, -289
-608, 1114, -221
-676, 1181, -230
-766, 1220, -400
-922, 1291, -493
-1121, 1265, -323
-1172, 1153, -126
-1202, 1031, -37
-1123, 988, -46
-904, 838, -121
-904, 838, -121
-720, 431, -78
-737, 247, 79
-632, 57, 123
-348, -20, 33
-160, -514, -307
-363, -1465, -408
-,-,-
-872, 579, -127
-823, 721, -13
-777, 850, 35
-629, 1024, 35
-460, 1301, -59
-368, 1545, -142
-368, 1545, -127
-333, 1678, -127
-432, 1729, -69
-647, 1540, -115
-935, 1245, -262
-1068, 998, -330
-1087, 735, -289
-1036, 374, -202
-784, 294, -98
-538, 45, -23
-367, -293, -56
-219, -751, -201
-220, -1446, -448
-,-,-
-684, 652, -211
-714, 803, 17
-706, 989, 103
-582, 1142, 75
-295, 1502, -196
-192, 1694, -441
-429, 1430, -560
-665, 1183, -634
-688, 1111, -760
-787, 1204, -891
-920, 1240, -803
-920, 1240, -803
-811, 1059, -498
-564, 798, -196
-265, 656, -224
-251, 215, -269
-30, -589, -46
-116, -1494, 68
-,-,-
-740, 462, -238
-711, 508, -282
-731, 480, -283
-785, 494, -268
-844, 616, -270
-805, 836, -315
-670, 1111, -406
-561, 1363, -536
-735, 1560, -679
-1007, 1705, -627
-912, 1727, -456
-851, 1758, -373
-688, 1759, -196
-425, 1561, -99
-143, 1128, -39
-39, 628, 11
11, -3, -93
11, -3, -93
8, -673, -103
31, -1429, -164
-153, -1958, -574
-,-,-
-821, 698, -214
-864, 743, -159
-807, 836, -135
-623, 1037, -104
-341, 1356, -169
-341, 1356, -329
-186, 1646, -329
-253, 1926, -426
-251, 1984, -283
-302, 1860, -291
-600, 1667, -485
-813, 1560, -622
-625, 1272, -285
-438, 1003, 76
-354, 548, -183
-423, -212, -661
-459, -951, -380
-462, -1149, 122
-464, -1613, -164
-,-,-
-752, 688, -130
-758, 777, -148
-669, 882, -86
-548, 1125, -62
-455, 1396, -264
-376, 1594, -413
-377, 1652, -412
-333, 1682, -446
-418, 1798, -551
-571, 1647, -413
-663, 1337, -63
-663, 1337, -63
-607, 1080, 138
-325, 932, 101
-304, 485, -53
-281, -302, -171
-393, -1489, -37
-542, -1892, -294
-735, -1998, -867
-,-,-
-837, 517, -111
-796, 703, -113
-706, 1026, -69
-418, 1500, -5
-299, 1671, -88
-395, 1787, -343
-464, 1929, -348
-504, 1880, -354
-623, 1659, -339
-931, 1381, -231
-959, 901, 28
-959, 901, 28
-795, 529, 191
-657, 459, -2
-408, 346, -12
-244, -527, 189
-198, -1364, 134
110, -1932, -530
-,-,-
-971, 520, -112
-971, 520, -112
-928, 543, -80
-863, 681, -64
-802, 791, -46
-757, 924, -65
-658, 1106, -227
-587, 1463, -390
-613, 1652, -384
-721, 1580, -326
-870, 1408, -360
-867, 1335, -347
-848, 1256, -243
-782, 1046, -63
-640, 841, 28
-439, 539, -63
-233, 31, -85
-233, 31, -85
-118, -703, -57
-146, -1558, -391
-,-,-
-674, 771, 42
-674, 771, 42
-594, 995, -8
-526, 1211, -206
-424, 1416, -361
-424, 1459, -425
-639, 1378, -512
-871, 1409, -661
-967, 1418, -647
-1029, 1252, -388
-968, 1054, -82
-791, 911, 44
-557, 855, 97
-434, 475, 216
-357, -174, 329
-134, -635, 519
-134, -635, 519
-249, -1159, 171
-363, -1539, -533
-835, -1892, -872
-,-,-
-791, 703, -108
-772, 827, -52
-633, 1014, 22
-460, 1254, -98
-407, 1464, -382
-454, 1633, -537
-559, 1653, -447
-670, 1570, -394
-892, 1532, -462
-1035, 1527, -377
-827, 1423, -134
-490, 1266, 140
-490, 1266, 140
-243, 1035, 383
44, 378, 347
294, -701, 215
204, -1742, -82
-553, -1998, -786
-1648, -1998, -1520
-,-,-
-859, 568, -121
-797, 433, 9
-796, 712, -58
-469, 1126, -211
-99, 1482, -349
-1, 1700, -482
-29, 1945, -457
-32, 1968, -208
-32, 1968, -208
-191, 1810, -357
-511, 1773, -709
-709, 1682, -642
-687, 1316, -381
-687, 917, -131
-622, 566, 43
-363, 301, 114
-43, -67, 138
75, -747, 22
-123, -1736, -338
-,-,-
-757, 641, -619
-639, 863, -396
-594, 1000, -249
-509, 1149, -231
-275, 1455, -383
60, 1834, -551
60, 1834, -551
115, 1996, -577
-89, 1871, -497
-322, 1703, -544
-531, 1598, -576
-571, 1344, -435
-585, 1071, -306
-691, 631, -319
-636, 174, -196
-377, -223, -1
-254, -735, -7
-254, -1476, -385
-607, -1989, -750
-,-,-
-807, 551, -390
-826, 558, -410
-799, 699, -426
-758, 906, -393
-619, 1273, -331
-176, 1571, -311
-76, 1803, -304
-209, 1957, -314
-223, 1997, -195
-210, 1916, -170
-312, 1609, -399
-713, 1373, -465
-778, 965, -216
-722, 575, 127
-407, 427, 141
-328, 274, -129
-328, 274, -129
-211, -297, -482
-151, -1045, -455
-,-,-
-824, 732, 19
-762, 814, -53
-697, 1014, 19
-574, 1245, 23
-391, 1565, -196
-249, 1942, -388
-195, 1997, -374
-344, 1896, -357
-519, 1627, -368
-580, 1361, -331
-565, 1080, -121
-647, 747, 90
-647, 747, 90
-775, 194, 41
-778, -252, -128
-657, -600, -90
-676, -964, -33
-738, -1416, -222
-,-,-
-898, 648, -11
-784, 849, 19
-784, 849, 19
-667, 1309, -101
-529, 1892, -358
-459, 1997, -397
-606, 1997, -297
-794, 1997, -100
-885, 1993, -21
-1008, 1747, -197
-970, 1379, -295
-469, 995, -219
-16, 265, -202
205, -1335, -91
46, -1998, -173
-266, -1998, -1206
-,-,-
-947, 397, -211
-909, 591, -214
-805, 887, -177
-736, 1223, -269
-465, 1543, -167
-299, 1770, 87
-268, 1806, 253
-731, 1729, 184
-1004, 1555, -38
-1233, 1504, -229
-991, 1480, -204
-656, 1415, 68
-382, 989, 155
-124, 190, -103
-124, 190, -103
154, -1160, -536
156, -1998, -940
-453, -1998, -1070
-,-,-
-965, 627, -30
-789, 840, -23
-779, 1021, -65
-706, 1199, -202
-652, 1377, -321
-553, 1561, -353
-523, 1767, -415
-756, 1741, -463
-943, 1629, -496
-991, 1487, -437
-1082, 1264, -332
-928, 926, -142
-442, 562, 12
-442, 562, 12
99, -28, -3
392, -1299, -44
-45, -1998, -260
-,-,-
-860, 351, -156
-902, 821, -117
-737, 1326, -64
-462, 1905, -81
-235, 1997, -131
-335, 1997, -272
-428, 1997, -351
-628, 1851, -344
-847, 1376, -213
-945, 839, -22
-997, 474, 38
-997, 474, 38
-676, 358, 11
-391, -249, -10
-214, -1298, -117
-285, -1969, -370
-,-,-
-736, 680, 106
-598, 1016, 33
-492, 1475, -248
-260, 1912, -181
-302, 1981, -12
-582, 1779, -9
-843, 1779, -153
-843, 1717, -153
-862, 1644, -226
-778, 1570, -182
-833, 1255, -323
-825, 853, -500
-577, 424, -507
-282, -163, -320
-137, -873, -107
-245, -1744, -261
-,-,-
-487, 1210, -38
-385, 1443, -127
-234, 1646, -234
-117, 1818, -359
-202, 1760, -480
-515, 1614, -512
-805, 1623, -444
-782, 1873, -108
-771, 1835, 67
-811, 1594, 62
-687, 1231, 68
-687, 1231, 68
-302, 673, -29
185, 2, -345
529, -1237, -509
-,-,-
-864, 457, -41
-820, 533, -71
-764, 687, -114
-828, 728, -167
-792, 800, -208
-579, 1097, -181
-357, 1479, -231
-375, 1781, -388
-435, 1821, -318
-482, 1825, -286
-606, 1785, -411
-952, 1916, -486
-1253, 1800, -211
-1298, 1618, 212
-913, 1426, 421
-320, 1112, 146
22, 223, -123
428, -1095, -310
-,-,-
-743, 813, -371
-685, 1194, -345
-549, 1427, -290
-452, 1579, -246
-345, 1877, -398
-299, 1997, -335
-334, 1997, -37
-452, 1909, 152
-636, 1462, 106
-814, 1151, -67
-846, 920, 42
-750, 566, 187
-486, -33, 105
-486, -33, 105
-421, -812, -100
-538, -1820, -557
-989, -1998, -870
-1432, -1998, -859
-,-,-
-683, 1034, -299
-573, 1400, -262
-448, 1689, -249
-423, 1925, -326
-587, 1997, -156
-824, 1969, 36
-1062, 1909, -18
-1229, 1861, -55
-1120, 1481, 15
-786, 1187, 119
-498, 309, 122
-298, -508, 281
62, -972, 260
102, -1530, -116
-686, -1998, -547
-,-,-
-660, 904, -112
-644, 1223, -152
-550, 1512, -312
-378, 1815, -237
-432, 1979, -124
-660, 1866, -165
-906, 1789, -369
-1010, 1666, -282
-865, 1338, 153
-748, 1159, 468
-719, 873, 321
-444, 579, 88
-310, 114, -36
-160, -875, -117
-229, -1874, -209
-,-,-
-882, 789, -363
-854, 1014, -376
-687, 1347, -401
-500, 1789, -435
-402, 1989, -397
-451, 1922, -175
-517, 1793, -13
-529, 1704, -29
-582, 1448, 30
-817, 1066, 168
-875, 815, 337
-574, 862, 508
-574, 862, 508
-525, 400, 364
-513, -355, 76
-273, -813, -434
-4, -1544, -1130
-,-,-
-704, 756, -220
-733, 1064, -63
-437, 1488, 52
-235, 1774, 18
-329, 1856, 89
-350, 1965, 231
-507, 1898, 404
-726, 1554, 291
-726, 1554, 291
-1018, 1241, -64
-1067, 1185, -355
-906, 1245, -190
-700, 991, 81
-701, 393, 169
-681, -139, 170
-533, -596, 173
-445, -864, -13
-449, -1290, -437
-597, -1820, -720
-,-,-
-818, 560, -28
-813, 631, 2
-858, 696, -20
-691, 1024, -25
-453, 1416, -157
-483, 1506, -461
-700, 1485, -675
-644, 1686, -477
-447, 1914, -111
-496, 1993, -63
-626, 1880, -165
-636, 1691, -167
-529, 1292, -131
-467, 898, 13
-467, 898, 13
-252, 498, 23
16, -151, -202
288, -1137, -776
298, -1976, -1143
22, -1998, -931
-,-,-
-888, 330, -191
-930, 530, -115
-770, 901, -21
-506, 1392, -112
-197, 1889, -223
-234, 1997, -122
-397, 1997, 145
-392, 1997, 195
-477, 1926, -83
-838, 1570, -272
-1044, 861, -223
-1076, 338, -47
-705, -130, 27
-621, -491, -33
-678, -1251, -242
-,-,-
-755, 716, -333
-628, 934, -186
-434, 1236, -188
-441, 1500, -408
-510, 1701, -573
-420, 1803, -496
-164, 1985, -442
-366, 1997, -374
-684, 1864, -82
-820, 1315, -97
-585, 1298, -196
-549, 914, 49
-603, -212, -113
-557, -1471, -220
-547, -1998, -642
-1239, -1998, -1238
-,-,-
-983, 572, -465
-832, 844, -495
-491, 1157, -317
-428, 1223, -193
-316, 1307, -269
-236, 1681, -440
-365, 1984, -726
-651, 1955, -1027
-983, 1832, -1126
-1062, 1808, -1045
-814, 1563, -486
-529, 961, 160
-479, 231, 449
-366, -532, 434
-377, -1385, 408
-601, -1987, 25
-,-,-
-553, 1200, 119
-269, 1365, 97
-197, 1690, 25
-197, 1690, 25
-296, 1776, 23
-459, 1798, 11
-689, 1830, -40
-973, 1723, -153
-1102, 1672, -126
-970, 1511, -101
-694, 1172, -249
-413, 724, -432
-364, 0, -490
-177, -961, -507
-276, -1900, -432
-,-,-
-676, 865, -391
-693, 945, -191
-589, 1054, -93
-478, 1310, -124
-444, 1686, -249
-550, 1770, -418
-845, 1692, -573
-1198, 1747, -759
-1215, 1865, -899
-1045, 1942, -883
-703, 1709, -776
-132, 1167, -454
-3, -407, 188
-,-,-
-753, 701, -467
-682, 941, -368
-635, 1156, -166
-604, 1362, -88
-463, 1651, -149
-268, 1970, -476
-318, 1997, -724
-667, 1928, -715
-912, 1698, -529
-979, 1364, -309
-805, 1049, -107
-764, 807, -90
-764, 807, -90
-798, 370, -111
-683, -340, -92
-497, -1219, -130
-608, -1931, -608
-,-,-
-513, 1246, -223
-281, 1588, -200
-124, 1699, -81
-120, 1830, -121
-147, 1965, -157
-422, 1944, -331
-847, 1723, -435
-1311, 1250, -426
-1362, 1018, -310
-1186, 985, -97
-1042, 692, -47
-806, 261, 29
-386, -153, 69
-386, -153, 69
3, -607, -22
-162, -1300, -362
-,-,-
-746, 706, -578
-673, 750, -596
-632, 787, -512
-499, 948, -341
-356, 1320, -298
-231, 1643, -329
-246, 1828, -413
-427, 1814, -484
-672, 1740, -445
-907, 1629, -393
-978, 1526, -292
-996, 1341, -43
-889, 1162, 63
-889, 1162, 63
-623, 848, 46
-284, 421, -20
7, -117, -232
108, -1081, -305
-223, -1957, -588
-1093, -1998, -1295
-,-,-
-910, 474, -122
-848, 705, -10
-848, 705, -10
-809, 924, 44
-728, 1289, -12
-672, 1748, -319
-618, 1997, -550
-665, 1997, -392
-819, 1978, -247
-930, 1708, -330
-880, 1459, -405
-596, 1097, -391
-447, 623, -325
-337, 44, -160
-84, -733, -99
-,-,-
-763, 912, -269
-709, 1039, -313
-667, 1180, -312
-590, 1488, -267
-444, 1846, -237
-153, 1997, -325
-276, 1997, -282
-771, 1964, -191
-1097, 1698, -347
-1036, 1634, -559
-768, 1720, -251
-761, 985, 159
-747, 118, 172
-269, -414, -264
311, -829, -586
-,-,-
-516, 1045, -405
-531, 1054, 27
-445, 1194, 281
-288, 1549, 253
68, 1991, 72
172, 1997, -15
-133, 1997, -239
-376, 1997, -531
-430, 1859, -551
-502, 1375, -338
-463, 855, -3
-463, 855, -3
-529, 123, 296
-523, -378, 293
-454, -778, -9
-601, -1320, -367
-965, -1882, -682
-1436, -1998, -610
-,-,-
-707, 1057, -536
-707, 1057, -536
-622, 1349, -384
-373, 1672, -180
-225, 1957, -11
-219, 1981, 76
-389, 1800, -165
-660, 1666, -365
-868, 1588, -505
-943, 1446, -606
-888, 932, -451
-862, 436, -230
-824, 190, -24
-608, -71, -43
-420, -665, -210
-651, -1552, -261
-931, -1997, -694
-,-,-
-691, 700, -520
-648, 885, -606
-602, 968, -631
-596, 1103, -514
-614, 1310, -404
-573, 1532, -440
-538, 1744, -621
-533, 1911, -569
-653, 1865, -519
-821, 1577, -592
-952, 1029, -543
-1133, 636, -368
-908, 480, -16
-576, 302, 137
-470, -225, 28
-607, -949, 31
-725, -1572, 201
-923, -1755, 136
-886, -1790, -544
-1090, -1655, -677
-,-,-
-534, 1271, -222
-374, 1566, -277
-296, 1737, -388
-316, 1919, -350
-348, 1997, -216
-341, 1995, -75
-414, 1830, 49
-305, 1702, 159
-230, 1237, 251
-426, 394, 233
-815, -618, 54
-984, -1148, -94
-1008, -1530, -522
-934, -1818, -977
-1029, -1998, -843
-1253, -1998, -353
-,-,-
-830, 850, -189
-830, 850, -189
-707, 964, -138
-489, 1256, 22
-377, 1512, 46
-406, 1635, -83
-394, 1763, -92
-432, 1813, -52
-587, 1770, -92
-762, 1619, -176
-778, 1440, -151
-682, 1329, -96
-572, 1089, -76
-455, 781, -33
-294, 257, 100
-176, -517, 116
-176, -517, 116
-,-,-
-685, 683, -37
-763, 838, -10
-683, 1021, 33
-382, 1334, 223
-69, 1668, 331
-73, 1825, 224
-284, 1796, 216
-479, 1753, 345
-592, 1646, 279
-592, 1646, 279
-775, 1602, 141
-863, 1547, 25
-873, 1162, -13
-737, 851, -102
-401, 504, -276
-322, -256, -339
-264, -1270, -231
-,-,-
-813, 833, -70
-700, 1057, -99
-563, 1335, -276
-503, 1713, -531
-571, 1868, -441
-505, 1829, -92
-490, 1747, 44
-490, 1747, 44
-765, 1631, -90
-1029, 1373, -209
-1021, 1003, -122
-842, 618, -193
-628, 257, -468
-459, -594, -582
-272, -1679, -128
-468, -1998, -60
-,-,-
-781, 464, -428
-714, 594, -228
-706, 775, -190
-701, 1013, -212
-569, 1375, -239
-491, 1691, -250
-602, 1666, -313
-816, 1621, -298
-1017, 1540, -301
-1191, 1407, -307
-1181, 1372, -325
-1077, 1212, -302
-856, 876, -137
-626, 339, 92
-276, -125, 151
45, -870, 121
1, -1655, -203
-232, -1998, -534
-,-,-
-937, 352, -135
-911, 553, -129
-801, 861, -225
-596, 1274, -473
-430, 1668, -586
-455, 1783, -504
-652, 1739, -332
-974, 1713, -311
-1142, 1587, -343
-1177, 1341, -464
-1119, 991, -471
-891, 640, -297
-655, 140, -99
-321, -387, -3
-148, -1387, -57
-,-,-
-675, 715, -365
-784, 956, -373
-561, 1067, -324
-440, 1200, -333
-490, 1261, -435
-472, 1400, -474
-390, 1626, -344
-563, 1715, -210
-1034, 1580, -161
-1489, 1400, -177
-1474, 1309, -245
-1207, 1439, -262
-904, 1480, -101
-712, 884, -72
-549, -214, -156
-313, -1324, -154
-26, -1979, -549
-,-,-
-683, 984, -77
-683, 984, -77
-546, 1148, -44
-369, 1504, -30
-360, 1812, -99
-381, 1967, -119
-559, 1997, 44
-922, 1997, -65
-1327, 1920, -160
-1415, 1745, -79
-1205, 1674, -147
-757, 1303, -201
-472, 542, -401
-446, -736, -592
-146, -1702, -394
50, -1998, -444
-20, -1998, -929
-,-,-
-788, 803, -218
-754, 1147, -181
-765, 1369, 10
-765, 1369, 10
-600, 1773, 277
-420, 1997, 330
-561, 1997, 130
-865, 1952, -42
-1231, 1816, 10
-1422, 1622, 117
-1330, 1386, 205
-974, 973, 59
-604, 396, -78
-375, -597, -129
-532, -1919, 79
-524, -1998, -280
-374, -1998, -659
-489, -1998, -503
-,-,-
-863, 718, -76
-867, 1022, -61
-679, 1276, -8
-679, 1276, -8
-551, 1689, -57
-525, 1994, -87
-732, 1982, -105
-914, 1924, -199
-1081, 1910, -168
-1243, 1811, -79
-1136, 1639, 29
-880, 1371, -38
-452, 770, -226
-119, -196, -247
99, -1402, -184
-61, -1998, -365
-584, -1998, -744
-,-,-
-909, 810, -226
-853, 1063, -281
-734, 1309, -189
-647, 1539, -152
-613, 1787, -120
-747, 1829, -46
-947, 1626, -101
-1171, 1426, -131
-1324, 1319, -139
-1368, 1244, -140
-1131, 1133, -219
-900, 782, -249
-600, 409, -233
-87, 5, -65
216, -762, 95
216, -762, 95
433, -1713, -595
-,-,-
-909, 714, -380
-787, 892, -407
-739, 1145, -623
-758, 1400, -776
-694, 1756, -603
-523, 1856, -197
-649, 1805, -53
-902, 1763, 114
-1064, 1606, 233
-1256, 1345, 114
-1370, 1042, 67
-1155, 805, 160
-922, 524, 203
-603, 109, 61
-467, -637, -251
-424, -1333, -362
-532, -1913, -293
-805, -1998, -333
-,-,-
-730, 913, -64
-884, 1257, -387
-744, 1455, -597
-652, 1635, -494
-635, 1604, -321
-846, 1505, -267
-1046, 1495, -198
-1123, 1508, -254
-1006, 1565, -263
-933, 1604, -135
-891, 1269, -49
-845, 639, 203
-628, 97, 345
-374, -337, 183
-232, -779, -196
-89, -1340, -494
-384, -1965, -545
-,-,-
-862, 750, -259
-840, 1091, -292
-740, 1365, -230
-590, 1761, -103
-392, 1997, -64
-448, 1997, -12
-764, 1859, -79
-986, 1728, -259
-1084, 1667, -347
-1005, 1537, -264
-936, 1230, -159
-857, 538, -68
-690, -149, 103
-721, -788, 125
-698, -1281, 8
-618, -1367, -174
-678, -1625, -476
-860, -1921, -321
-,-,-
-773, 752, -149
-749, 1286, -244
-694, 1499, -282
-247, 1767, -130
135, 1985, -343
-160, 1997, -607
-610, 1971, -378
-966, 1710, 4
-1040, 1523, 39
-940, 1438, -112
-863, 1286, -255
-891, 660, -111
-891, 660, -111
-728, 21, 198
-530, -460, 163
-171, -777, -282
59, -1358, -861
-268, -1984, -1229
-,-,-
-975, 414, -154
-937, 611, -101
-937, 611, -101
-798, 939, 13
-583, 1370, 59
-395, 1863, -318
-350, 1997, -507
-467, 1997, -297
-672, 1997, -32
-654, 1997, 29
-779, 1852, -159
-925, 1260, -281
-576, 618, -196
-219, 2, -74
-157, -630, -43
-97, -1816, -233
-482, -1998, -817
-,-,-
-771, 690, -2
-744, 972, 79
-586, 1212, 175
-369, 1435, 196
-229, 1653, 64
-372, 1757, -90
-636, 1941, -403
-954, 1938, -757
-1121, 1897, -722
-1083, 1609, -379
-900, 1330, -77
-793, 823, -203
-672, -131, -263
-555, -1045, -203
-428, -1507, -16
-221, -1810, -81
-,-,-
-929, 457, 7
-941, 496, -176
-884, 858, -362
-569, 1382, -478
-134, 1923, -424
10, 1997, -320
-132, 1874, -192
-361, 1747, -151
-643, 1753, -239
-873, 1535, -328
-935, 1341, -185
-918, 876, 97
-933, 531, 357
-933, 531, 357
-930, 183, 275
-817, -360, 185
-896, -1304, 408
-1117, -1908, 414
-,-,-
-869, 642, -180
-835, 815, -339
-742, 1106, -539
-596, 1626, -673
-417, 1936, -525
-569, 1991, -410
-892, 1924, -497
-1077, 1875, -750
-1007, 1668, -815
-990, 1321, -583
-959, 847, -336
-645, 342, -81
-131, -836, -104
54, -1779, -568
-234, -1998, -1261
-926, -1998, -1243
-,-,-
-581, 1017, -691
-713, 1223, -528
-855, 1392, -519
-813, 1821, -662
-596, 1997, -704
-593, 1997, -643
-866, 1702, -794
-1206, 1170, -804
-1183, 802, -688
-883, 649, -268
-664, 298, -318
-313, -50, -383
-331, -1170, -154
-573, -1939, -56
-,-,-
-664, 1052, -119
-475, 1365, -175
-353, 1546, -251
-262, 1606, -282
-364, 1584, -239
-733, 1374, -150
-978, 1072, -103
-1239, 967, 27
-1353, 1035, 94
-1290, 665, 71
-1290, 665, 71
-1323, 516, 69
-1177, 342, 11
-832, 37, -210
-716, -506, -295
-,-,-
-819, 791, -510
-819, 791, -510
-707, 879, -505
-809, 905, -329
-926, 917, 23
-887, 1061, 320
-767, 1445, 344
-568, 1929, -75
-625, 1997, -490
-773, 1997, -579
-714, 1997, -426
-370, 1984, -238
-170, 1738, -138
-231, 873, -348
-265, -32, -483
60, -803, -390
288, -1713, -91
-33, -1998, -64
-,-,-
-775, 722, -353
-513, 1030, -595
-360, 1370, -643
-422, 1472, -452
-479, 1442, -32
-439, 1517, 274
-413, 1906, 93
-436, 1997, -342
-668, 1997, -625
-915, 1997, -556
-915, 1997, -155
-966, 1729, -155
-566, 1296, 151
-164, 867, 5
-57, 94, -368
30, -904, -484
-,-,-
-726, 700, -130
-630, 792, -118
-557, 1105, -289
-449, 1447, -375
-398, 1556, -347
-490, 1515, -444
-691, 1471, -620
-939, 1510, -630
-1092, 1422, -462
-883, 1314, -280
-508, 1220, -69
-438, 896, -99
-438, 896, -99
-545, -3, -136
-366, -775, 172
-445, -1397, 203
-716, -1899, -436
-,-,-
-784, 511, -111
-728, 704, -27
-796, 972, -90
-585, 1425, -176
-399, 1753, -270
-455, 1793, -297
-661, 1776, -349
-969, 1756, -369
-1048, 1645, -304
-1055, 1486, -183
-1003, 1284, -112
-788, 1220, -64
-584, 851, 12
-584, 851, 12
-498, 267, 66
-267, -291, 35
-111, -938, -225
-425, -1792, -482
-708, -1998, -611
-,-,-
-818, 581, -112
-966, 583, -63
-918, 518, -47
-973, 607, 15
-891, 798, 82
-694, 1055, 175
-694, 1055, 175
-435, 1474, 105
-168, 1926, -118
-56, 1997, -217
-204, 1955, -266
-387, 1759, -399
-566, 1638, -454
-526, 1677, -285
-401, 1748, -137
-234, 1392, -223
-70, 783, -501
53, -56, -564
-169, -1357, -375
-570, -1998, -228
-,-,-
-827, 481, -112
-778, 690, -20
-735, 912, 74
-735, 912, 74
-650, 1242, 92
-376, 1520, 86
-348, 1764, -54
-573, 1823, -154
-705, 1811, -105
-829, 1627, -97
-890, 1505, 5
-881, 1325, 24
-815, 1193, 211
-582, 758, 164
-582, 758, 164
-483, -78, -38
-522, -924, -74
-462, -1607, -247
-,-,-
-835, 1015, -21
-831, 1804, 158
-270, 1997, 282
-270, 1997, 282
-99, 1997, -73
-368, 1997, -558
-552, 1835, -659
-588, 1218, -602
-833, 670, -403
-925, 355, -249
-739, 111, -332
-694, -525, -387
-772, -1218, -272
-629, -1536, -266
-411, -1528, -468
-,-,-
-774, 986, -272
-665, 1117, -191
-461, 1257, -96
-157, 1648, -286
-72, 1949, -519
-240, 1957, -580
-471, 1819, -693
-696, 1785, -794
-765, 1673, -728
-746, 1453, -394
-783, 958, -310
-667, 582, -185
-689, -261, -14
-750, -1184, -64
-580, -1787, -105
-761, -1998, -474
-,-,-
-825, 669, -244
-718, 936, -337
-364, 1180, -453
-89, 1586, -606
25, 1970, -720
-72, 1989, -649
-328, 1921, -521
-702, 1995, -441
-772, 1997, -371
-882, 1997, -288
-897, 1855, -203
-772, 1345, -309
-508, 778, -251
-316, -178, -127
-332, -1154, -172
-396, -1944, -362
